0;0
0.1;0.00174533
0.2;0.00349065
0.3;0.00523596
0.4;0.00698126
0.5;0.00872654
0.6;0.0104718
0.7;0.012217
0.8;0.0139622
0.9;0.0157073
1;0.0174524
1.1;0.0191974
1.2;0.0209424
1.3;0.0226873
1.4;0.0244322
1.5;0.0261769
1.6;0.0279216
1.7;0.0296662
1.8;0.0314108
1.9;0.0331552
2;0.0348995
2.1;0.0366437
2.2;0.0383878
2.3;0.0401318
2.4;0.0418757
2.5;0.0436194
2.6;0.045363
2.7;0.0471065
2.8;0.0488498
2.9;0.0505929
3;0.052336
3.1;0.0540788
3.2;0.0558215
3.3;0.057564
3.4;0.0593064
3.5;0.0610485
3.6;0.0627905
3.7;0.0645323
3.8;0.0662739
3.9;0.0680153
4;0.0697565
4.1;0.0714974
4.2;0.0732382
4.3;0.0749787
4.4;0.076719
4.5;0.0784591
4.6;0.0801989
4.7;0.0819385
4.8;0.0836778
4.9;0.0854169
5;0.0871557
5.1;0.0888943
5.2;0.0906326
5.3;0.0923706
5.4;0.0941083
5.5;0.0958458
5.6;0.0975829
5.7;0.0993197
5.8;0.101056
5.9;0.102793
6;0.104528
6.1;0.106264
6.2;0.107999
6.3;0.109734
6.4;0.111469
6.5;0.113203
6.6;0.114937
6.7;0.116671
6.8;0.118404
6.9;0.120137
7;0.121869
7.1;0.123601
7.2;0.125333
7.3;0.127065
7.4;0.128796
7.5;0.130526
7.6;0.132256
7.7;0.133986
7.8;0.135716
7.9;0.137445
8;0.139173
8.1;0.140901
8.2;0.142629
8.3;0.144356
8.4;0.146083
8.5;0.147809
8.6;0.149535
8.7;0.151261
8.8;0.152986
8.9;0.15471
9;0.156434
9.1;0.158158
9.2;0.159881
9.3;0.161604
9.4;0.163326
9.5;0.165048
9.6;0.166769
9.7;0.168489
9.8;0.170209
9.9;0.171929
10;0.173648
10.1;0.175367
10.2;0.177085
10.3;0.178802
10.4;0.180519
10.5;0.182236
10.6;0.183951
10.7;0.185667
10.8;0.187381
10.9;0.189095
11;0.190809
11.1;0.192522
11.2;0.194234
11.3;0.195946
11.4;0.197657
11.5;0.199368
11.6;0.201078
11.7;0.202787
11.8;0.204496
11.9;0.206204
12;0.207912
12.1;0.209619
12.2;0.211325
12.3;0.21303
12.4;0.214735
12.5;0.21644
12.6;0.218143
12.7;0.219846
12.8;0.221548
12.9;0.22325
13;0.224951
13.1;0.226651
13.2;0.228351
13.3;0.23005
13.4;0.231748
13.5;0.233445
13.6;0.235142
13.7;0.236838
13.8;0.238533
13.9;0.240228
14;0.241922
14.1;0.243615
14.2;0.245307
14.3;0.246999
14.4;0.24869
14.5;0.25038
14.6;0.252069
14.7;0.253758
14.8;0.255446
14.9;0.257133
15;0.258819
15.1;0.260505
15.2;0.262189
15.3;0.263873
15.4;0.265556
15.5;0.267238
15.6;0.26892
15.7;0.2706
15.8;0.27228
15.9;0.273959
16;0.275637
16.1;0.277315
16.2;0.278991
16.3;0.280667
16.4;0.282341
16.5;0.284015
16.6;0.285688
16.7;0.287361
16.8;0.289032
16.9;0.290702
17;0.292372
17.1;0.29404
17.2;0.295708
17.3;0.297375
17.4;0.299041
17.5;0.300706
17.6;0.30237
17.7;0.304033
17.8;0.305695
17.9;0.307357
18;0.309017
18.1;0.310676
18.2;0.312335
18.3;0.313992
18.4;0.315649
18.5;0.317305
18.6;0.318959
18.7;0.320613
18.8;0.322266
18.9;0.323917
19;0.325568
19.1;0.327218
19.2;0.328867
19.3;0.330514
19.4;0.332161
19.5;0.333807
19.6;0.335452
19.7;0.337095
19.8;0.338738
19.9;0.34038
20;0.34202
20.1;0.34366
20.2;0.345298
20.3;0.346936
20.4;0.348572
20.5;0.350207
20.6;0.351842
20.7;0.353475
20.8;0.355107
20.9;0.356738
21;0.358368
21.1;0.359997
21.2;0.361625
21.3;0.363251
21.4;0.364877
21.5;0.366501
21.6;0.368125
21.7;0.369747
21.8;0.371368
21.9;0.372988
22;0.374607
22.1;0.376224
22.2;0.377841
22.3;0.379456
22.4;0.38107
22.5;0.382683
22.6;0.384295
22.7;0.385906
22.8;0.387516
22.9;0.389124
23;0.390731
23.1;0.392337
23.2;0.393942
23.3;0.395546
23.4;0.397148
23.5;0.398749
23.6;0.400349
23.7;0.401948
23.8;0.403545
23.9;0.405142
24;0.406737
24.1;0.40833
24.2;0.409923
24.3;0.411514
24.4;0.413104
24.5;0.414693
24.6;0.416281
24.7;0.417867
24.8;0.419452
24.9;0.421036
25;0.422618
25.1;0.424199
25.2;0.425779
25.3;0.427358
25.4;0.428935
25.5;0.430511
25.6;0.432086
25.7;0.433659
25.8;0.435231
25.9;0.436802
26;0.438371
26.1;0.439939
26.2;0.441506
26.3;0.443071
26.4;0.444635
26.5;0.446198
26.6;0.447759
26.7;0.449319
26.8;0.450878
26.9;0.452435
27;0.45399
27.1;0.455545
27.2;0.457098
27.3;0.45865
27.4;0.4602
27.5;0.461749
27.6;0.463296
27.7;0.464842
27.8;0.466387
27.9;0.46793
28;0.469472
28.1;0.471012
28.2;0.472551
28.3;0.474088
28.4;0.475624
28.5;0.477159
28.6;0.478692
28.7;0.480223
28.8;0.481754
28.9;0.483282
29;0.48481
29.1;0.486335
29.2;0.48786
29.3;0.489382
29.4;0.490904
29.5;0.492424
29.6;0.493942
29.7;0.495459
29.8;0.496974
29.9;0.498488
30;0.5
30.1;0.501511
30.2;0.50302
30.3;0.504528
30.4;0.506034
30.5;0.507538
30.6;0.509041
30.7;0.510543
30.8;0.512043
30.9;0.513541
31;0.515038
31.1;0.516533
31.2;0.518027
31.3;0.519519
31.4;0.52101
31.5;0.522499
31.6;0.523986
31.7;0.525472
31.8;0.526956
31.9;0.528438
32;0.529919
32.1;0.531399
32.2;0.532876
32.3;0.534352
32.4;0.535827
32.5;0.5373
32.6;0.538771
32.7;0.54024
32.8;0.541708
32.9;0.543174
33;0.544639
33.1;0.546102
33.2;0.547563
33.3;0.549023
33.4;0.550481
33.5;0.551937
33.6;0.553392
33.7;0.554844
33.8;0.556296
33.9;0.557745
34;0.559193
34.1;0.560639
34.2;0.562083
34.3;0.563526
34.4;0.564967
34.5;0.566406
34.6;0.567844
34.7;0.56928
34.8;0.570714
34.9;0.572146
35;0.573576
35.1;0.575005
35.2;0.576432
35.3;0.577858
35.4;0.579281
35.5;0.580703
35.6;0.582123
35.7;0.583541
35.8;0.584958
35.9;0.586372
36;0.587785
36.1;0.589196
36.2;0.590606
36.3;0.592013
36.4;0.593419
36.5;0.594823
36.6;0.596225
36.7;0.597625
36.8;0.599024
36.9;0.60042
37;0.601815
37.1;0.603208
37.2;0.604599
37.3;0.605988
37.4;0.607376
37.5;0.608761
37.6;0.610145
37.7;0.611527
37.8;0.612907
37.9;0.614285
38;0.615661
38.1;0.617036
38.2;0.618408
38.3;0.619779
38.4;0.621148
38.5;0.622515
38.6;0.62388
38.7;0.625243
38.8;0.626604
38.9;0.627963
39;0.62932
39.1;0.630676
39.2;0.632029
39.3;0.633381
39.4;0.634731
39.5;0.636078
39.6;0.637424
39.7;0.638768
39.8;0.64011
39.9;0.64145
40;0.642788
40.1;0.644124
40.2;0.645458
40.3;0.64679
40.4;0.64812
40.5;0.649448
40.6;0.650774
40.7;0.652098
40.8;0.653421
40.9;0.654741
41;0.656059
41.1;0.657375
41.2;0.658689
41.3;0.660002
41.4;0.661312
41.5;0.66262
41.6;0.663926
41.7;0.66523
41.8;0.666532
41.9;0.667833
42;0.669131
42.1;0.670427
42.2;0.671721
42.3;0.673013
42.4;0.674302
42.5;0.67559
42.6;0.676876
42.7;0.67816
42.8;0.679441
42.9;0.680721
43;0.681998
43.1;0.683274
43.2;0.684547
43.3;0.685818
43.4;0.687088
43.5;0.688355
43.6;0.68962
43.7;0.690882
43.8;0.692143
43.9;0.693402
44;0.694658
44.1;0.695913
44.2;0.697165
44.3;0.698415
44.4;0.699663
44.5;0.700909
44.6;0.702153
44.7;0.703395
44.8;0.704634
44.9;0.705872
45;0.707107
45.1;0.70834
45.2;0.709571
45.3;0.710799
45.4;0.712026
45.5;0.71325
45.6;0.714473
45.7;0.715693
45.8;0.716911
45.9;0.718126
46;0.71934
46.1;0.720551
46.2;0.72176
46.3;0.722967
46.4;0.724172
46.5;0.725374
46.6;0.726575
46.7;0.727773
46.8;0.728969
46.9;0.730162
47;0.731354
47.1;0.732543
47.2;0.73373
47.3;0.734915
47.4;0.736097
47.5;0.737277
47.6;0.738455
47.7;0.739631
47.8;0.740805
47.9;0.741976
48;0.743145
48.1;0.744312
48.2;0.745476
48.3;0.746638
48.4;0.747798
48.5;0.748956
48.6;0.750111
48.7;0.751264
48.8;0.752415
48.9;0.753563
49;0.75471
49.1;0.755853
49.2;0.756995
49.3;0.758134
49.4;0.759271
49.5;0.760406
49.6;0.761538
49.7;0.762668
49.8;0.763796
49.9;0.764921
50;0.766044
50.1;0.767165
50.2;0.768284
50.3;0.7694
50.4;0.770513
50.5;0.771625
50.6;0.772734
50.7;0.77384
50.8;0.774944
50.9;0.776046
51;0.777146
51.1;0.778243
51.2;0.779338
51.3;0.78043
51.4;0.78152
51.5;0.782608
51.6;0.783693
51.7;0.784776
51.8;0.785857
51.9;0.786935
52;0.788011
52.1;0.789084
52.2;0.790155
52.3;0.791224
52.4;0.79229
52.5;0.793353
52.6;0.794415
52.7;0.795473
52.8;0.79653
52.9;0.797584
53;0.798636
53.1;0.799685
53.2;0.800731
53.3;0.801776
53.4;0.802817
53.5;0.803857
53.6;0.804894
53.7;0.805928
53.8;0.80696
53.9;0.80799
54;0.809017
54.1;0.810042
54.2;0.811064
54.3;0.812084
54.4;0.813101
54.5;0.814116
54.6;0.815128
54.7;0.816138
54.8;0.817145
54.9;0.81815
55;0.819152
55.1;0.820152
55.2;0.821149
55.3;0.822144
55.4;0.823136
55.5;0.824126
55.6;0.825113
55.7;0.826098
55.8;0.827081
55.9;0.82806
56;0.829038
56.1;0.830012
56.2;0.830984
56.3;0.831954
56.4;0.832921
56.5;0.833886
56.6;0.834848
56.7;0.835807
56.8;0.836764
56.9;0.837719
57;0.838671
57.1;0.83962
57.2;0.840567
57.3;0.841511
57.4;0.842452
57.5;0.843391
57.6;0.844328
57.7;0.845262
57.8;0.846193
57.9;0.847122
58;0.848048
58.1;0.848972
58.2;0.849893
58.3;0.850811
58.4;0.851727
58.5;0.85264
58.6;0.853551
58.7;0.854459
58.8;0.855364
58.9;0.856267
59;0.857167
59.1;0.858065
59.2;0.85896
59.3;0.859852
59.4;0.860742
59.5;0.861629
59.6;0.862514
59.7;0.863396
59.8;0.864275
59.9;0.865151
60;0.866025
60.1;0.866897
60.2;0.867765
60.3;0.868632
60.4;0.869495
60.5;0.870356
60.6;0.871214
60.7;0.872069
60.8;0.872922
60.9;0.873772
61;0.87462
61.1;0.875465
61.2;0.876307
61.3;0.877146
61.4;0.877983
61.5;0.878817
61.6;0.879649
61.7;0.880477
61.8;0.881303
61.9;0.882127
62;0.882948
62.1;0.883766
62.2;0.884581
62.3;0.885394
62.4;0.886204
62.5;0.887011
62.6;0.887815
62.7;0.888617
62.8;0.889416
62.9;0.890213
63;0.891007
63.1;0.891798
63.2;0.892586
63.3;0.893371
63.4;0.894154
63.5;0.894934
63.6;0.895712
63.7;0.896486
63.8;0.897258
63.9;0.898028
64;0.898794
64.1;0.899558
64.2;0.900319
64.3;0.901077
64.4;0.901833
64.5;0.902585
64.6;0.903335
64.7;0.904083
64.8;0.904827
64.9;0.905569
65;0.906308
65.1;0.907044
65.2;0.907777
65.3;0.908508
65.4;0.909236
65.5;0.909961
65.6;0.910684
65.7;0.911403
65.8;0.91212
65.9;0.912834
66;0.913545
66.1;0.914254
66.2;0.91496
66.3;0.915663
66.4;0.916363
66.5;0.91706
66.6;0.917755
66.7;0.918446
66.8;0.919135
66.9;0.919821
67;0.920505
67.1;0.921185
67.2;0.921863
67.3;0.922538
67.4;0.92321
67.5;0.92388
67.6;0.924546
67.7;0.92521
67.8;0.925871
67.9;0.926529
68;0.927184
68.1;0.927836
68.2;0.928486
68.3;0.929133
68.4;0.929776
68.5;0.930418
68.6;0.931056
68.7;0.931691
68.8;0.932324
68.9;0.932954
69;0.93358
69.1;0.934204
69.2;0.934826
69.3;0.935444
69.4;0.93606
69.5;0.936672
69.6;0.937282
69.7;0.937889
69.8;0.938493
69.9;0.939094
70;0.939693
70.1;0.940288
70.2;0.940881
70.3;0.941471
70.4;0.942057
70.5;0.942641
70.6;0.943223
70.7;0.943801
70.8;0.944376
70.9;0.944949
71;0.945519
71.1;0.946085
71.2;0.946649
71.3;0.94721
71.4;0.947768
71.5;0.948324
71.6;0.948876
71.7;0.949425
71.8;0.949972
71.9;0.950516
72;0.951057
72.1;0.951594
72.2;0.952129
72.3;0.952661
72.4;0.953191
72.5;0.953717
72.6;0.95424
72.7;0.954761
72.8;0.955278
72.9;0.955793
73;0.956305
73.1;0.956814
73.2;0.957319
73.3;0.957822
73.4;0.958323
73.5;0.95882
73.6;0.959314
73.7;0.959805
73.8;0.960294
73.9;0.960779
74;0.961262
74.1;0.961741
74.2;0.962218
74.3;0.962692
74.4;0.963163
74.5;0.96363
74.6;0.964095
74.7;0.964557
74.8;0.965016
74.9;0.965473
75;0.965926
75.1;0.966376
75.2;0.966823
75.3;0.967268
75.4;0.967709
75.5;0.968148
75.6;0.968583
75.7;0.969016
75.8;0.969445
75.9;0.969872
76;0.970296
76.1;0.970716
76.2;0.971134
76.3;0.971549
76.4;0.971961
76.5;0.97237
76.6;0.972776
76.7;0.973179
76.8;0.973579
76.9;0.973976
77;0.97437
77.1;0.974761
77.2;0.975149
77.3;0.975535
77.4;0.975917
77.5;0.976296
77.6;0.976672
77.7;0.977046
77.8;0.977416
77.9;0.977783
78;0.978148
78.1;0.978509
78.2;0.978867
78.3;0.979223
78.4;0.979575
78.5;0.979925
78.6;0.980271
78.7;0.980615
78.8;0.980955
78.9;0.981293
79;0.981627
79.1;0.981959
79.2;0.982287
79.3;0.982613
79.4;0.982935
79.5;0.983255
79.6;0.983571
79.7;0.983885
79.8;0.984196
79.9;0.984503
80;0.984808
80.1;0.985109
80.2;0.985408
80.3;0.985703
80.4;0.985996
80.5;0.986286
80.6;0.986572
80.7;0.986856
80.8;0.987136
80.9;0.987414
81;0.987688
81.1;0.98796
81.2;0.988228
81.3;0.988494
81.4;0.988756
81.5;0.989016
81.6;0.989272
81.7;0.989526
81.8;0.989776
81.9;0.990024
82;0.990268
82.1;0.990509
82.2;0.990748
82.3;0.990983
82.4;0.991216
82.5;0.991445
82.6;0.991671
82.7;0.991894
82.8;0.992115
82.9;0.992332
83;0.992546
83.1;0.992757
83.2;0.992966
83.3;0.993171
83.4;0.993373
83.5;0.993572
83.6;0.993768
83.7;0.993961
83.8;0.994151
83.9;0.994338
84;0.994522
84.1;0.994703
84.2;0.994881
84.3;0.995056
84.4;0.995227
84.5;0.995396
84.6;0.995562
84.7;0.995725
84.8;0.995884
84.9;0.996041
85;0.996195
85.1;0.996345
85.2;0.996493
85.3;0.996637
85.4;0.996779
85.5;0.996917
85.6;0.997053
85.7;0.997185
85.8;0.997314
85.9;0.997441
86;0.997564
86.1;0.997684
86.2;0.997801
86.3;0.997916
86.4;0.998027
86.5;0.998135
86.6;0.99824
86.7;0.998342
86.8;0.998441
86.9;0.998537
87;0.99863
87.1;0.998719
87.2;0.998806
87.3;0.99889
87.4;0.998971
87.5;0.999048
87.6;0.999123
87.7;0.999194
87.8;0.999263
87.9;0.999328
88;0.999391
88.1;0.99945
88.2;0.999507
88.3;0.99956
88.4;0.99961
88.5;0.999657
88.6;0.999701
88.7;0.999743
88.8;0.999781
88.9;0.999816
89;0.999848
89.1;0.999877
89.2;0.999903
89.3;0.999925
89.4;0.999945
89.5;0.999962
89.6;0.999976
89.7;0.999986
89.8;0.999994
89.9;0.999998
90;1
90.1;0.999998
90.2;0.999994
90.3;0.999986
90.4;0.999976
90.5;0.999962
90.6;0.999945
90.7;0.999925
90.8;0.999903
90.9;0.999877
91;0.999848
91.1;0.999816
91.2;0.999781
91.3;0.999743
91.4;0.999701
91.5;0.999657
91.6;0.99961
91.7;0.99956
91.8;0.999507
91.9;0.99945
92;0.999391
92.1;0.999328
92.2;0.999263
92.3;0.999194
92.4;0.999123
92.5;0.999048
92.6;0.998971
92.7;0.99889
92.8;0.998806
92.9;0.998719
93;0.99863
93.1;0.998537
93.2;0.998441
93.3;0.998342
93.4;0.99824
93.5;0.998135
93.6;0.998027
93.7;0.997916
93.8;0.997801
93.9;0.997684
94;0.997564
94.1;0.997441
94.2;0.997314
94.3;0.997185
94.4;0.997053
94.5;0.996917
94.6;0.996779
94.7;0.996637
94.8;0.996493
94.9;0.996345
95;0.996195
95.1;0.996041
95.2;0.995884
95.3;0.995725
95.4;0.995562
95.5;0.995396
95.6;0.995227
95.7;0.995056
95.8;0.994881
95.9;0.994703
96;0.994522
96.1;0.994338
96.2;0.994151
96.3;0.993961
96.4;0.993768
96.5;0.993572
96.6;0.993373
96.7;0.993171
96.8;0.992966
96.9;0.992757
97;0.992546
97.1;0.992332
97.2;0.992115
97.3;0.991894
97.4;0.991671
97.5;0.991445
97.6;0.991216
97.7;0.990983
97.8;0.990748
97.9;0.990509
98;0.990268
98.1;0.990024
98.2;0.989776
98.3;0.989526
98.4;0.989272
98.5;0.989016
98.6;0.988756
98.7;0.988494
98.8;0.988228
98.9;0.98796
99;0.987688
99.1;0.987414
99.2;0.987136
99.3;0.986856
99.4;0.986572
99.5;0.986286
99.6;0.985996
99.7;0.985703
99.8;0.985408
99.9;0.985109
100;0.984808
100.1;0.984503
100.2;0.984196
100.3;0.983885
100.4;0.983571
100.5;0.983255
100.6;0.982935
100.7;0.982613
100.8;0.982287
100.9;0.981959
101;0.981627
101.1;0.981293
101.2;0.980955
101.3;0.980615
101.4;0.980271
101.5;0.979925
101.6;0.979575
101.7;0.979223
101.8;0.978867
101.9;0.978509
102;0.978148
102.1;0.977783
102.2;0.977416
102.3;0.977046
102.4;0.976672
102.5;0.976296
102.6;0.975917
102.7;0.975535
102.8;0.975149
102.9;0.974761
103;0.97437
103.1;0.973976
103.2;0.973579
103.3;0.973179
103.4;0.972776
103.5;0.97237
103.6;0.971961
103.7;0.971549
103.8;0.971134
103.9;0.970716
104;0.970296
104.1;0.969872
104.2;0.969445
104.3;0.969016
104.4;0.968583
104.5;0.968148
104.6;0.967709
104.7;0.967268
104.8;0.966823
104.9;0.966376
105;0.965926
105.1;0.965473
105.2;0.965016
105.3;0.964557
105.4;0.964095
105.5;0.96363
105.6;0.963163
105.7;0.962692
105.8;0.962218
105.9;0.961741
106;0.961262
106.1;0.960779
106.2;0.960294
106.3;0.959805
106.4;0.959314
106.5;0.95882
106.6;0.958323
106.7;0.957822
106.8;0.957319
106.9;0.956814
107;0.956305
107.1;0.955793
107.2;0.955278
107.3;0.954761
107.4;0.95424
107.5;0.953717
107.6;0.953191
107.7;0.952661
107.8;0.952129
107.9;0.951594
108;0.951057
108.1;0.950516
108.2;0.949972
108.3;0.949425
108.4;0.948876
108.5;0.948324
108.6;0.947768
108.7;0.94721
108.8;0.946649
108.9;0.946085
109;0.945519
109.1;0.944949
109.2;0.944376
109.3;0.943801
109.4;0.943223
109.5;0.942641
109.6;0.942057
109.7;0.941471
109.8;0.940881
109.9;0.940288
110;0.939693
110.1;0.939094
110.2;0.938493
110.3;0.937889
110.4;0.937282
110.5;0.936672
110.6;0.93606
110.7;0.935444
110.8;0.934826
110.9;0.934204
111;0.93358
111.1;0.932954
111.2;0.932324
111.3;0.931691
111.4;0.931056
111.5;0.930418
111.6;0.929776
111.7;0.929133
111.8;0.928486
111.9;0.927836
112;0.927184
112.1;0.926529
112.2;0.925871
112.3;0.92521
112.4;0.924546
112.5;0.92388
112.6;0.92321
112.7;0.922538
112.8;0.921863
112.9;0.921185
113;0.920505
113.1;0.919821
113.2;0.919135
113.3;0.918446
113.4;0.917755
113.5;0.91706
113.6;0.916363
113.7;0.915663
113.8;0.91496
113.9;0.914254
114;0.913545
114.1;0.912834
114.2;0.91212
114.3;0.911403
114.4;0.910684
114.5;0.909961
114.6;0.909236
114.7;0.908508
114.8;0.907777
114.9;0.907044
115;0.906308
115.1;0.905569
115.2;0.904827
115.3;0.904083
115.4;0.903335
115.5;0.902585
115.6;0.901833
115.7;0.901077
115.8;0.900319
115.9;0.899558
116;0.898794
116.1;0.898028
116.2;0.897258
116.3;0.896486
116.4;0.895712
116.5;0.894934
116.6;0.894154
116.7;0.893371
116.8;0.892586
116.9;0.891798
117;0.891007
117.1;0.890213
117.2;0.889416
117.3;0.888617
117.4;0.887815
117.5;0.887011
117.6;0.886204
117.7;0.885394
117.8;0.884581
117.9;0.883766
118;0.882948
118.1;0.882127
118.2;0.881303
118.3;0.880477
118.4;0.879649
118.5;0.878817
118.6;0.877983
118.7;0.877146
118.8;0.876307
118.9;0.875465
119;0.87462
119.1;0.873772
119.2;0.872922
119.3;0.872069
119.4;0.871214
119.5;0.870356
119.6;0.869495
119.7;0.868632
119.8;0.867765
119.9;0.866897
120;0.866025
120.1;0.865151
120.2;0.864275
120.3;0.863396
120.4;0.862514
120.5;0.861629
120.6;0.860742
120.7;0.859852
120.8;0.85896
120.9;0.858065
121;0.857167
121.1;0.856267
121.2;0.855364
121.3;0.854459
121.4;0.853551
121.5;0.85264
121.6;0.851727
121.7;0.850811
121.8;0.849893
121.9;0.848972
122;0.848048
122.1;0.847122
122.2;0.846193
122.3;0.845262
122.4;0.844328
122.5;0.843391
122.6;0.842452
122.7;0.841511
122.8;0.840567
122.9;0.83962
123;0.838671
123.1;0.837719
123.2;0.836764
123.3;0.835807
123.4;0.834848
123.5;0.833886
123.6;0.832921
123.7;0.831954
123.8;0.830984
123.9;0.830012
124;0.829038
124.1;0.82806
124.2;0.827081
124.3;0.826098
124.4;0.825113
124.5;0.824126
124.6;0.823136
124.7;0.822144
124.8;0.821149
124.9;0.820152
125;0.819152
125.1;0.81815
125.2;0.817145
125.3;0.816138
125.4;0.815128
125.5;0.814116
125.6;0.813101
125.7;0.812084
125.8;0.811064
125.9;0.810042
126;0.809017
126.1;0.80799
126.2;0.80696
126.3;0.805928
126.4;0.804894
126.5;0.803857
126.6;0.802817
126.7;0.801776
126.8;0.800731
126.9;0.799685
127;0.798636
127.1;0.797584
127.2;0.79653
127.3;0.795473
127.4;0.794415
127.5;0.793353
127.6;0.79229
127.7;0.791224
127.8;0.790155
127.9;0.789084
128;0.788011
128.1;0.786935
128.2;0.785857
128.3;0.784776
128.4;0.783693
128.5;0.782608
128.6;0.78152
128.7;0.78043
128.8;0.779338
128.9;0.778243
129;0.777146
129.1;0.776046
129.2;0.774944
129.3;0.77384
129.4;0.772734
129.5;0.771625
129.6;0.770513
129.7;0.7694
129.8;0.768284
129.9;0.767165
130;0.766044
130.1;0.764921
130.2;0.763796
130.3;0.762668
130.4;0.761538
130.5;0.760406
130.6;0.759271
130.7;0.758134
130.8;0.756995
130.9;0.755853
131;0.75471
131.1;0.753563
131.2;0.752415
131.3;0.751264
131.4;0.750111
131.5;0.748956
131.6;0.747798
131.7;0.746638
131.8;0.745476
131.9;0.744312
132;0.743145
132.1;0.741976
132.2;0.740805
132.3;0.739631
132.4;0.738455
132.5;0.737277
132.6;0.736097
132.7;0.734915
132.8;0.73373
132.9;0.732543
133;0.731354
133.1;0.730162
133.2;0.728969
133.3;0.727773
133.4;0.726575
133.5;0.725374
133.6;0.724172
133.7;0.722967
133.8;0.72176
133.9;0.720551
134;0.71934
134.1;0.718126
134.2;0.716911
134.3;0.715693
134.4;0.714473
134.5;0.71325
134.6;0.712026
134.7;0.710799
134.8;0.709571
134.9;0.70834
135;0.707107
135.1;0.705872
135.2;0.704634
135.3;0.703395
135.4;0.702153
135.5;0.700909
135.6;0.699663
135.7;0.698415
135.8;0.697165
135.9;0.695913
136;0.694658
136.1;0.693402
136.2;0.692143
136.3;0.690882
136.4;0.68962
136.5;0.688355
136.6;0.687088
136.7;0.685818
136.8;0.684547
136.9;0.683274
137;0.681998
137.1;0.680721
137.2;0.679441
137.3;0.67816
137.4;0.676876
137.5;0.67559
137.6;0.674302
137.7;0.673013
137.8;0.671721
137.9;0.670427
138;0.669131
138.1;0.667833
138.2;0.666532
138.3;0.66523
138.4;0.663926
138.5;0.66262
138.6;0.661312
138.7;0.660002
138.8;0.658689
138.9;0.657375
139;0.656059
139.1;0.654741
139.2;0.653421
139.3;0.652098
139.4;0.650774
139.5;0.649448
139.6;0.64812
139.7;0.64679
139.8;0.645458
139.9;0.644124
140;0.642788
140.1;0.64145
140.2;0.64011
140.3;0.638768
140.4;0.637424
140.5;0.636078
140.6;0.634731
140.7;0.633381
140.8;0.632029
140.9;0.630676
141;0.62932
141.1;0.627963
141.2;0.626604
141.3;0.625243
141.4;0.62388
141.5;0.622515
141.6;0.621148
141.7;0.619779
141.8;0.618408
141.9;0.617036
142;0.615661
142.1;0.614285
142.2;0.612907
142.3;0.611527
142.4;0.610145
142.5;0.608761
142.6;0.607376
142.7;0.605988
142.8;0.604599
142.9;0.603208
143;0.601815
143.1;0.60042
143.2;0.599024
143.3;0.597625
143.4;0.596225
143.5;0.594823
143.6;0.593419
143.7;0.592013
143.8;0.590606
143.9;0.589196
144;0.587785
144.1;0.586372
144.2;0.584958
144.3;0.583541
144.4;0.582123
144.5;0.580703
144.6;0.579281
144.7;0.577858
144.8;0.576432
144.9;0.575005
145;0.573576
145.1;0.572146
145.2;0.570714
145.3;0.56928
145.4;0.567844
145.5;0.566406
145.6;0.564967
145.7;0.563526
145.8;0.562083
145.9;0.560639
146;0.559193
146.1;0.557745
146.2;0.556296
146.3;0.554844
146.4;0.553392
146.5;0.551937
146.6;0.550481
146.7;0.549023
146.8;0.547563
146.9;0.546102
147;0.544639
147.1;0.543174
147.2;0.541708
147.3;0.54024
147.4;0.538771
147.5;0.5373
147.6;0.535827
147.7;0.534352
147.8;0.532876
147.9;0.531399
148;0.529919
148.1;0.528438
148.2;0.526956
148.3;0.525472
148.4;0.523986
148.5;0.522499
148.6;0.52101
148.7;0.519519
148.8;0.518027
148.9;0.516533
149;0.515038
149.1;0.513541
149.2;0.512043
149.3;0.510543
149.4;0.509041
149.5;0.507538
149.6;0.506034
149.7;0.504528
149.8;0.50302
149.9;0.501511
150;0.5
150.1;0.498488
150.2;0.496974
150.3;0.495459
150.4;0.493942
150.5;0.492424
150.6;0.490904
150.7;0.489382
150.8;0.48786
150.9;0.486335
151;0.48481
151.1;0.483282
151.2;0.481754
151.3;0.480223
151.4;0.478692
151.5;0.477159
151.6;0.475624
151.7;0.474088
151.8;0.472551
151.9;0.471012
152;0.469472
152.1;0.46793
152.2;0.466387
152.3;0.464842
152.4;0.463296
152.5;0.461749
152.6;0.4602
152.7;0.45865
152.8;0.457098
152.9;0.455545
153;0.45399
153.1;0.452435
153.2;0.450878
153.3;0.449319
153.4;0.447759
153.5;0.446198
153.6;0.444635
153.7;0.443071
153.8;0.441506
153.9;0.439939
154;0.438371
154.1;0.436802
154.2;0.435231
154.3;0.433659
154.4;0.432086
154.5;0.430511
154.6;0.428935
154.7;0.427358
154.8;0.425779
154.9;0.424199
155;0.422618
155.1;0.421036
155.2;0.419452
155.3;0.417867
155.4;0.416281
155.5;0.414693
155.6;0.413104
155.7;0.411514
155.8;0.409923
155.9;0.40833
156;0.406737
156.1;0.405142
156.2;0.403545
156.3;0.401948
156.4;0.400349
156.5;0.398749
156.6;0.397148
156.7;0.395546
156.8;0.393942
156.9;0.392337
157;0.390731
157.1;0.389124
157.2;0.387516
157.3;0.385906
157.4;0.384295
157.5;0.382683
157.6;0.38107
157.7;0.379456
157.8;0.377841
157.9;0.376224
158;0.374607
158.1;0.372988
158.2;0.371368
158.3;0.369747
158.4;0.368125
158.5;0.366501
158.6;0.364877
158.7;0.363251
158.8;0.361625
158.9;0.359997
159;0.358368
159.1;0.356738
159.2;0.355107
159.3;0.353475
159.4;0.351842
159.5;0.350207
159.6;0.348572
159.7;0.346936
159.8;0.345298
159.9;0.34366
160;0.34202
160.1;0.34038
160.2;0.338738
160.3;0.337095
160.4;0.335452
160.5;0.333807
160.6;0.332161
160.7;0.330514
160.8;0.328867
160.9;0.327218
161;0.325568
161.1;0.323917
161.2;0.322266
161.3;0.320613
161.4;0.318959
161.5;0.317305
161.6;0.315649
161.7;0.313992
161.8;0.312335
161.9;0.310676
162;0.309017
162.1;0.307357
162.2;0.305695
162.3;0.304033
162.4;0.30237
162.5;0.300706
162.6;0.299041
162.7;0.297375
162.8;0.295708
162.9;0.29404
163;0.292372
163.1;0.290702
163.2;0.289032
163.3;0.287361
163.4;0.285688
163.5;0.284015
163.6;0.282341
163.7;0.280667
163.8;0.278991
163.9;0.277315
164;0.275637
164.1;0.273959
164.2;0.27228
164.3;0.2706
164.4;0.26892
164.5;0.267238
164.6;0.265556
164.7;0.263873
164.8;0.262189
164.9;0.260505
165;0.258819
165.1;0.257133
165.2;0.255446
165.3;0.253758
165.4;0.252069
165.5;0.25038
165.6;0.24869
165.7;0.246999
165.8;0.245307
165.9;0.243615
166;0.241922
166.1;0.240228
166.2;0.238533
166.3;0.236838
166.4;0.235142
166.5;0.233445
166.6;0.231748
166.7;0.23005
166.8;0.228351
166.9;0.226651
167;0.224951
167.1;0.22325
167.2;0.221548
167.3;0.219846
167.4;0.218143
167.5;0.21644
167.6;0.214735
167.7;0.21303
167.8;0.211325
167.9;0.209619
168;0.207912
168.1;0.206204
168.2;0.204496
168.3;0.202787
168.4;0.201078
168.5;0.199368
168.6;0.197657
168.7;0.195946
168.8;0.194234
168.9;0.192522
169;0.190809
169.1;0.189095
169.2;0.187381
169.3;0.185667
169.4;0.183951
169.5;0.182236
169.6;0.180519
169.7;0.178802
169.8;0.177085
169.9;0.175367
170;0.173648
170.1;0.171929
170.2;0.170209
170.3;0.168489
170.4;0.166769
170.5;0.165048
170.6;0.163326
170.7;0.161604
170.8;0.159881
170.9;0.158158
171;0.156434
171.1;0.15471
171.2;0.152986
171.3;0.151261
171.4;0.149535
171.5;0.147809
171.6;0.146083
171.7;0.144356
171.8;0.142629
171.9;0.140901
172;0.139173
172.1;0.137445
172.2;0.135716
172.3;0.133986
172.4;0.132256
172.5;0.130526
172.6;0.128796
172.7;0.127065
172.8;0.125333
172.9;0.123601
173;0.121869
173.1;0.120137
173.2;0.118404
173.3;0.116671
173.4;0.114937
173.5;0.113203
173.6;0.111469
173.7;0.109734
173.8;0.107999
173.9;0.106264
174;0.104528
174.1;0.102793
174.2;0.101056
174.3;0.0993197
174.4;0.0975829
174.5;0.0958458
174.6;0.0941083
174.7;0.0923706
174.8;0.0906326
174.9;0.0888943
175;0.0871557
175.1;0.0854169
175.2;0.0836778
175.3;0.0819385
175.4;0.0801989
175.5;0.0784591
175.6;0.076719
175.7;0.0749787
175.8;0.0732382
175.9;0.0714974
176;0.0697565
176.1;0.0680153
176.2;0.0662739
176.3;0.0645323
176.4;0.0627905
176.5;0.0610485
176.6;0.0593064
176.7;0.057564
176.8;0.0558215
176.9;0.0540788
177;0.052336
177.1;0.0505929
177.2;0.0488498
177.3;0.0471065
177.4;0.045363
177.5;0.0436194
177.6;0.0418757
177.7;0.0401318
177.8;0.0383878
177.9;0.0366437
178;0.0348995
178.1;0.0331552
178.2;0.0314108
178.3;0.0296662
178.4;0.0279216
178.5;0.0261769
178.6;0.0244322
178.7;0.0226873
178.8;0.0209424
178.9;0.0191974
179;0.0174524
179.1;0.0157073
179.2;0.0139622
179.3;0.012217
179.4;0.0104718
179.5;0.00872654
179.6;0.00698126
179.7;0.00523596
179.8;0.00349065
179.9;0.00174533
180;1.32017e-13
180.1;-0.00174533
180.2;-0.00349065
180.3;-0.00523596
180.4;-0.00698126
180.5;-0.00872654
180.6;-0.0104718
180.7;-0.012217
180.8;-0.0139622
180.9;-0.0157073
181;-0.0174524
181.1;-0.0191974
181.2;-0.0209424
181.3;-0.0226873
181.4;-0.0244322
181.5;-0.0261769
181.6;-0.0279216
181.7;-0.0296662
181.8;-0.0314108
181.9;-0.0331552
182;-0.0348995
182.1;-0.0366437
182.2;-0.0383878
182.3;-0.0401318
182.4;-0.0418757
182.5;-0.0436194
182.6;-0.045363
182.7;-0.0471065
182.8;-0.0488498
182.9;-0.0505929
183;-0.052336
183.1;-0.0540788
183.2;-0.0558215
183.3;-0.057564
183.4;-0.0593064
183.5;-0.0610485
183.6;-0.0627905
183.7;-0.0645323
183.8;-0.0662739
183.9;-0.0680153
184;-0.0697565
184.1;-0.0714974
184.2;-0.0732382
184.3;-0.0749787
184.4;-0.076719
184.5;-0.0784591
184.6;-0.0801989
184.7;-0.0819385
184.8;-0.0836778
184.9;-0.0854169
185;-0.0871557
185.1;-0.0888943
185.2;-0.0906326
185.3;-0.0923706
185.4;-0.0941083
185.5;-0.0958458
185.6;-0.0975829
185.7;-0.0993197
185.8;-0.101056
185.9;-0.102793
186;-0.104528
186.1;-0.106264
186.2;-0.107999
186.3;-0.109734
186.4;-0.111469
186.5;-0.113203
186.6;-0.114937
186.7;-0.116671
186.8;-0.118404
186.9;-0.120137
187;-0.121869
187.1;-0.123601
187.2;-0.125333
187.3;-0.127065
187.4;-0.128796
187.5;-0.130526
187.6;-0.132256
187.7;-0.133986
187.8;-0.135716
187.9;-0.137445
188;-0.139173
188.1;-0.140901
188.2;-0.142629
188.3;-0.144356
188.4;-0.146083
188.5;-0.147809
188.6;-0.149535
188.7;-0.151261
188.8;-0.152986
188.9;-0.15471
189;-0.156434
189.1;-0.158158
189.2;-0.159881
189.3;-0.161604
189.4;-0.163326
189.5;-0.165048
189.6;-0.166769
189.7;-0.168489
189.8;-0.170209
189.9;-0.171929
190;-0.173648
190.1;-0.175367
190.2;-0.177085
190.3;-0.178802
190.4;-0.180519
190.5;-0.182236
190.6;-0.183951
190.7;-0.185667
190.8;-0.187381
190.9;-0.189095
191;-0.190809
191.1;-0.192522
191.2;-0.194234
191.3;-0.195946
191.4;-0.197657
191.5;-0.199368
191.6;-0.201078
191.7;-0.202787
191.8;-0.204496
191.9;-0.206204
192;-0.207912
192.1;-0.209619
192.2;-0.211325
192.3;-0.21303
192.4;-0.214735
192.5;-0.21644
192.6;-0.218143
192.7;-0.219846
192.8;-0.221548
192.9;-0.22325
193;-0.224951
193.1;-0.226651
193.2;-0.228351
193.3;-0.23005
193.4;-0.231748
193.5;-0.233445
193.6;-0.235142
193.7;-0.236838
193.8;-0.238533
193.9;-0.240228
194;-0.241922
194.1;-0.243615
194.2;-0.245307
194.3;-0.246999
194.4;-0.24869
194.5;-0.25038
194.6;-0.252069
194.7;-0.253758
194.8;-0.255446
194.9;-0.257133
195;-0.258819
195.1;-0.260505
195.2;-0.262189
195.3;-0.263873
195.4;-0.265556
195.5;-0.267238
195.6;-0.26892
195.7;-0.2706
195.8;-0.27228
195.9;-0.273959
196;-0.275637
196.1;-0.277315
196.2;-0.278991
196.3;-0.280667
196.4;-0.282341
196.5;-0.284015
196.6;-0.285688
196.7;-0.287361
196.8;-0.289032
196.9;-0.290702
197;-0.292372
197.1;-0.29404
197.2;-0.295708
197.3;-0.297375
197.4;-0.299041
197.5;-0.300706
197.6;-0.30237
197.7;-0.304033
197.8;-0.305695
197.9;-0.307357
198;-0.309017
198.1;-0.310676
198.2;-0.312335
198.3;-0.313992
198.4;-0.315649
198.5;-0.317305
198.6;-0.318959
198.7;-0.320613
198.8;-0.322266
198.9;-0.323917
199;-0.325568
199.1;-0.327218
199.2;-0.328867
199.3;-0.330514
199.4;-0.332161
199.5;-0.333807
199.6;-0.335452
199.7;-0.337095
199.8;-0.338738
199.9;-0.34038
200;-0.34202
200.1;-0.34366
200.2;-0.345298
200.3;-0.346936
200.4;-0.348572
200.5;-0.350207
200.6;-0.351842
200.7;-0.353475
200.8;-0.355107
200.9;-0.356738
201;-0.358368
201.1;-0.359997
201.2;-0.361625
201.3;-0.363251
201.4;-0.364877
201.5;-0.366501
201.6;-0.368125
201.7;-0.369747
201.8;-0.371368
201.9;-0.372988
202;-0.374607
202.1;-0.376224
202.2;-0.377841
202.3;-0.379456
202.4;-0.38107
202.5;-0.382683
202.6;-0.384295
202.7;-0.385906
202.8;-0.387516
202.9;-0.389124
203;-0.390731
203.1;-0.392337
203.2;-0.393942
203.3;-0.395546
203.4;-0.397148
203.5;-0.398749
203.6;-0.400349
203.7;-0.401948
203.8;-0.403545
203.9;-0.405142
204;-0.406737
204.1;-0.40833
204.2;-0.409923
204.3;-0.411514
204.4;-0.413104
204.5;-0.414693
204.6;-0.416281
204.7;-0.417867
204.8;-0.419452
204.9;-0.421036
205;-0.422618
205.1;-0.424199
205.2;-0.425779
205.3;-0.427358
205.4;-0.428935
205.5;-0.430511
205.6;-0.432086
205.7;-0.433659
205.8;-0.435231
205.9;-0.436802
206;-0.438371
206.1;-0.439939
206.2;-0.441506
206.3;-0.443071
206.4;-0.444635
206.5;-0.446198
206.6;-0.447759
206.7;-0.449319
206.8;-0.450878
206.9;-0.452435
207;-0.45399
207.1;-0.455545
207.2;-0.457098
207.3;-0.45865
207.4;-0.4602
207.5;-0.461749
207.6;-0.463296
207.7;-0.464842
207.8;-0.466387
207.9;-0.46793
208;-0.469472
208.1;-0.471012
208.2;-0.472551
208.3;-0.474088
208.4;-0.475624
208.5;-0.477159
208.6;-0.478692
208.7;-0.480223
208.8;-0.481754
208.9;-0.483282
209;-0.48481
209.1;-0.486335
209.2;-0.48786
209.3;-0.489382
209.4;-0.490904
209.5;-0.492424
209.6;-0.493942
209.7;-0.495459
209.8;-0.496974
209.9;-0.498488
210;-0.5
210.1;-0.501511
210.2;-0.50302
210.3;-0.504528
210.4;-0.506034
210.5;-0.507538
210.6;-0.509041
210.7;-0.510543
210.8;-0.512043
210.9;-0.513541
211;-0.515038
211.1;-0.516533
211.2;-0.518027
211.3;-0.519519
211.4;-0.52101
211.5;-0.522499
211.6;-0.523986
211.7;-0.525472
211.8;-0.526956
211.9;-0.528438
212;-0.529919
212.1;-0.531399
212.2;-0.532876
212.3;-0.534352
212.4;-0.535827
212.5;-0.5373
212.6;-0.538771
212.7;-0.54024
212.8;-0.541708
212.9;-0.543174
213;-0.544639
213.1;-0.546102
213.2;-0.547563
213.3;-0.549023
213.4;-0.550481
213.5;-0.551937
213.6;-0.553392
213.7;-0.554844
213.8;-0.556296
213.9;-0.557745
214;-0.559193
214.1;-0.560639
214.2;-0.562083
214.3;-0.563526
214.4;-0.564967
214.5;-0.566406
214.6;-0.567844
214.7;-0.56928
214.8;-0.570714
214.9;-0.572146
215;-0.573576
215.1;-0.575005
215.2;-0.576432
215.3;-0.577858
215.4;-0.579281
215.5;-0.580703
215.6;-0.582123
215.7;-0.583541
215.8;-0.584958
215.9;-0.586372
216;-0.587785
216.1;-0.589196
216.2;-0.590606
216.3;-0.592013
216.4;-0.593419
216.5;-0.594823
216.6;-0.596225
216.7;-0.597625
216.8;-0.599024
216.9;-0.60042
217;-0.601815
217.1;-0.603208
217.2;-0.604599
217.3;-0.605988
217.4;-0.607376
217.5;-0.608761
217.6;-0.610145
217.7;-0.611527
217.8;-0.612907
217.9;-0.614285
218;-0.615661
218.1;-0.617036
218.2;-0.618408
218.3;-0.619779
218.4;-0.621148
218.5;-0.622515
218.6;-0.62388
218.7;-0.625243
218.8;-0.626604
218.9;-0.627963
219;-0.62932
219.1;-0.630676
219.2;-0.632029
219.3;-0.633381
219.4;-0.634731
219.5;-0.636078
219.6;-0.637424
219.7;-0.638768
219.8;-0.64011
219.9;-0.64145
220;-0.642788
220.1;-0.644124
220.2;-0.645458
220.3;-0.64679
220.4;-0.64812
220.5;-0.649448
220.6;-0.650774
220.7;-0.652098
220.8;-0.653421
220.9;-0.654741
221;-0.656059
221.1;-0.657375
221.2;-0.658689
221.3;-0.660002
221.4;-0.661312
221.5;-0.66262
221.6;-0.663926
221.7;-0.66523
221.8;-0.666532
221.9;-0.667833
222;-0.669131
222.1;-0.670427
222.2;-0.671721
222.3;-0.673013
222.4;-0.674302
222.5;-0.67559
222.6;-0.676876
222.7;-0.67816
222.8;-0.679441
222.9;-0.680721
223;-0.681998
223.1;-0.683274
223.2;-0.684547
223.3;-0.685818
223.4;-0.687088
223.5;-0.688355
223.6;-0.68962
223.7;-0.690882
223.8;-0.692143
223.9;-0.693402
224;-0.694658
224.1;-0.695913
224.2;-0.697165
224.3;-0.698415
224.4;-0.699663
224.5;-0.700909
224.6;-0.702153
224.7;-0.703395
224.8;-0.704634
224.9;-0.705872
225;-0.707107
225.1;-0.70834
225.2;-0.709571
225.3;-0.710799
225.4;-0.712026
225.5;-0.71325
225.6;-0.714473
225.7;-0.715693
225.8;-0.716911
225.9;-0.718126
226;-0.71934
226.1;-0.720551
226.2;-0.72176
226.3;-0.722967
226.4;-0.724172
226.5;-0.725374
226.6;-0.726575
226.7;-0.727773
226.8;-0.728969
226.9;-0.730162
227;-0.731354
227.1;-0.732543
227.2;-0.73373
227.3;-0.734915
227.4;-0.736097
227.5;-0.737277
227.6;-0.738455
227.7;-0.739631
227.8;-0.740805
227.9;-0.741976
228;-0.743145
228.1;-0.744312
228.2;-0.745476
228.3;-0.746638
228.4;-0.747798
228.5;-0.748956
228.6;-0.750111
228.7;-0.751264
228.8;-0.752415
228.9;-0.753563
229;-0.75471
229.1;-0.755853
229.2;-0.756995
229.3;-0.758134
229.4;-0.759271
229.5;-0.760406
229.6;-0.761538
229.7;-0.762668
229.8;-0.763796
229.9;-0.764921
230;-0.766044
230.1;-0.767165
230.2;-0.768284
230.3;-0.7694
230.4;-0.770513
230.5;-0.771625
230.6;-0.772734
230.7;-0.77384
230.8;-0.774944
230.9;-0.776046
231;-0.777146
231.1;-0.778243
231.2;-0.779338
231.3;-0.78043
231.4;-0.78152
231.5;-0.782608
231.6;-0.783693
231.7;-0.784776
231.8;-0.785857
231.9;-0.786935
232;-0.788011
232.1;-0.789084
232.2;-0.790155
232.3;-0.791224
232.4;-0.79229
232.5;-0.793353
232.6;-0.794415
232.7;-0.795473
232.8;-0.79653
232.9;-0.797584
233;-0.798636
233.1;-0.799685
233.2;-0.800731
233.3;-0.801776
233.4;-0.802817
233.5;-0.803857
233.6;-0.804894
233.7;-0.805928
233.8;-0.80696
233.9;-0.80799
234;-0.809017
234.1;-0.810042
234.2;-0.811064
234.3;-0.812084
234.4;-0.813101
234.5;-0.814116
234.6;-0.815128
234.7;-0.816138
234.8;-0.817145
234.9;-0.81815
235;-0.819152
235.1;-0.820152
235.2;-0.821149
235.3;-0.822144
235.4;-0.823136
235.5;-0.824126
235.6;-0.825113
235.7;-0.826098
235.8;-0.827081
235.9;-0.82806
236;-0.829038
236.1;-0.830012
236.2;-0.830984
236.3;-0.831954
236.4;-0.832921
236.5;-0.833886
236.6;-0.834848
236.7;-0.835807
236.8;-0.836764
236.9;-0.837719
237;-0.838671
237.1;-0.83962
237.2;-0.840567
237.3;-0.841511
237.4;-0.842452
237.5;-0.843391
237.6;-0.844328
237.7;-0.845262
237.8;-0.846193
237.9;-0.847122
238;-0.848048
238.1;-0.848972
238.2;-0.849893
238.3;-0.850811
238.4;-0.851727
238.5;-0.85264
238.6;-0.853551
238.7;-0.854459
238.8;-0.855364
238.9;-0.856267
239;-0.857167
239.1;-0.858065
239.2;-0.85896
239.3;-0.859852
239.4;-0.860742
239.5;-0.861629
239.6;-0.862514
239.7;-0.863396
239.8;-0.864275
239.9;-0.865151
240;-0.866025
240.1;-0.866897
240.2;-0.867765
240.3;-0.868632
240.4;-0.869495
240.5;-0.870356
240.6;-0.871214
240.7;-0.872069
240.8;-0.872922
240.9;-0.873772
241;-0.87462
241.1;-0.875465
241.2;-0.876307
241.3;-0.877146
241.4;-0.877983
241.5;-0.878817
241.6;-0.879649
241.7;-0.880477
241.8;-0.881303
241.9;-0.882127
242;-0.882948
242.1;-0.883766
242.2;-0.884581
242.3;-0.885394
242.4;-0.886204
242.5;-0.887011
242.6;-0.887815
242.7;-0.888617
242.8;-0.889416
242.9;-0.890213
243;-0.891007
243.1;-0.891798
243.2;-0.892586
243.3;-0.893371
243.4;-0.894154
243.5;-0.894934
243.6;-0.895712
243.7;-0.896486
243.8;-0.897258
243.9;-0.898028
244;-0.898794
244.1;-0.899558
244.2;-0.900319
244.3;-0.901077
244.4;-0.901833
244.5;-0.902585
244.6;-0.903335
244.7;-0.904083
244.8;-0.904827
244.9;-0.905569
245;-0.906308
245.1;-0.907044
245.2;-0.907777
245.3;-0.908508
245.4;-0.909236
245.5;-0.909961
245.6;-0.910684
245.7;-0.911403
245.8;-0.91212
245.9;-0.912834
246;-0.913545
246.1;-0.914254
246.2;-0.91496
246.3;-0.915663
246.4;-0.916363
246.5;-0.91706
246.6;-0.917755
246.7;-0.918446
246.8;-0.919135
246.9;-0.919821
247;-0.920505
247.1;-0.921185
247.2;-0.921863
247.3;-0.922538
247.4;-0.92321
247.5;-0.92388
247.6;-0.924546
247.7;-0.92521
247.8;-0.925871
247.9;-0.926529
248;-0.927184
248.1;-0.927836
248.2;-0.928486
248.3;-0.929133
248.4;-0.929776
248.5;-0.930418
248.6;-0.931056
248.7;-0.931691
248.8;-0.932324
248.9;-0.932954
249;-0.93358
249.1;-0.934204
249.2;-0.934826
249.3;-0.935444
249.4;-0.93606
249.5;-0.936672
249.6;-0.937282
249.7;-0.937889
249.8;-0.938493
249.9;-0.939094
250;-0.939693
250.1;-0.940288
250.2;-0.940881
250.3;-0.941471
250.4;-0.942057
250.5;-0.942641
250.6;-0.943223
250.7;-0.943801
250.8;-0.944376
250.9;-0.944949
251;-0.945519
251.1;-0.946085
251.2;-0.946649
251.3;-0.94721
251.4;-0.947768
251.5;-0.948324
251.6;-0.948876
251.7;-0.949425
251.8;-0.949972
251.9;-0.950516
252;-0.951057
252.1;-0.951594
252.2;-0.952129
252.3;-0.952661
252.4;-0.953191
252.5;-0.953717
252.6;-0.95424
252.7;-0.954761
252.8;-0.955278
252.9;-0.955793
253;-0.956305
253.1;-0.956814
253.2;-0.957319
253.3;-0.957822
253.4;-0.958323
253.5;-0.95882
253.6;-0.959314
253.7;-0.959805
253.8;-0.960294
253.9;-0.960779
254;-0.961262
254.1;-0.961741
254.2;-0.962218
254.3;-0.962692
254.4;-0.963163
254.5;-0.96363
254.6;-0.964095
254.7;-0.964557
254.8;-0.965016
254.9;-0.965473
255;-0.965926
255.1;-0.966376
255.2;-0.966823
255.3;-0.967268
255.4;-0.967709
255.5;-0.968148
255.6;-0.968583
255.7;-0.969016
255.8;-0.969445
255.9;-0.969872
256;-0.970296
256.1;-0.970716
256.2;-0.971134
256.3;-0.971549
256.4;-0.971961
256.5;-0.97237
256.6;-0.972776
256.7;-0.973179
256.8;-0.973579
256.9;-0.973976
257;-0.97437
257.1;-0.974761
257.2;-0.975149
257.3;-0.975535
257.4;-0.975917
257.5;-0.976296
257.6;-0.976672
257.7;-0.977046
257.8;-0.977416
257.9;-0.977783
258;-0.978148
258.1;-0.978509
258.2;-0.978867
258.3;-0.979223
258.4;-0.979575
258.5;-0.979925
258.6;-0.980271
258.7;-0.980615
258.8;-0.980955
258.9;-0.981293
259;-0.981627
259.1;-0.981959
259.2;-0.982287
259.3;-0.982613
259.4;-0.982935
259.5;-0.983255
259.6;-0.983571
259.7;-0.983885
259.8;-0.984196
259.9;-0.984503
260;-0.984808
260.1;-0.985109
260.2;-0.985408
260.3;-0.985703
260.4;-0.985996
260.5;-0.986286
260.6;-0.986572
260.7;-0.986856
260.8;-0.987136
260.9;-0.987414
261;-0.987688
261.1;-0.98796
261.2;-0.988228
261.3;-0.988494
261.4;-0.988756
261.5;-0.989016
261.6;-0.989272
261.7;-0.989526
261.8;-0.989776
261.9;-0.990024
262;-0.990268
262.1;-0.990509
262.2;-0.990748
262.3;-0.990983
262.4;-0.991216
262.5;-0.991445
262.6;-0.991671
262.7;-0.991894
262.8;-0.992115
262.9;-0.992332
263;-0.992546
263.1;-0.992757
263.2;-0.992966
263.3;-0.993171
263.4;-0.993373
263.5;-0.993572
263.6;-0.993768
263.7;-0.993961
263.8;-0.994151
263.9;-0.994338
264;-0.994522
264.1;-0.994703
264.2;-0.994881
264.3;-0.995056
264.4;-0.995227
264.5;-0.995396
264.6;-0.995562
264.7;-0.995725
264.8;-0.995884
264.9;-0.996041
265;-0.996195
265.1;-0.996345
265.2;-0.996493
265.3;-0.996637
265.4;-0.996779
265.5;-0.996917
265.6;-0.997053
265.7;-0.997185
265.8;-0.997314
265.9;-0.997441
266;-0.997564
266.1;-0.997684
266.2;-0.997801
266.3;-0.997916
266.4;-0.998027
266.5;-0.998135
266.6;-0.99824
266.7;-0.998342
266.8;-0.998441
266.9;-0.998537
267;-0.99863
267.1;-0.998719
267.2;-0.998806
267.3;-0.99889
267.4;-0.998971
267.5;-0.999048
267.6;-0.999123
267.7;-0.999194
267.8;-0.999263
267.9;-0.999328
268;-0.999391
268.1;-0.99945
268.2;-0.999507
268.3;-0.99956
268.4;-0.99961
268.5;-0.999657
268.6;-0.999701
268.7;-0.999743
268.8;-0.999781
268.9;-0.999816
269;-0.999848
269.1;-0.999877
269.2;-0.999903
269.3;-0.999925
269.4;-0.999945
269.5;-0.999962
269.6;-0.999976
269.7;-0.999986
269.8;-0.999994
269.9;-0.999998
270;-1
270.1;-0.999998
270.2;-0.999994
270.3;-0.999986
270.4;-0.999976
270.5;-0.999962
270.6;-0.999945
270.7;-0.999925
270.8;-0.999903
270.9;-0.999877
271;-0.999848
271.1;-0.999816
271.2;-0.999781
271.3;-0.999743
271.4;-0.999701
271.5;-0.999657
271.6;-0.99961
271.7;-0.99956
271.8;-0.999507
271.9;-0.99945
272;-0.999391
272.1;-0.999328
272.2;-0.999263
272.3;-0.999194
272.4;-0.999123
272.5;-0.999048
272.6;-0.998971
272.7;-0.99889
272.8;-0.998806
272.9;-0.998719
273;-0.99863
273.1;-0.998537
273.2;-0.998441
273.3;-0.998342
273.4;-0.99824
273.5;-0.998135
273.6;-0.998027
273.7;-0.997916
273.8;-0.997801
273.9;-0.997684
274;-0.997564
274.1;-0.997441
274.2;-0.997314
274.3;-0.997185
274.4;-0.997053
274.5;-0.996917
274.6;-0.996779
274.7;-0.996637
274.8;-0.996493
274.9;-0.996345
275;-0.996195
275.1;-0.996041
275.2;-0.995884
275.3;-0.995725
275.4;-0.995562
275.5;-0.995396
275.6;-0.995227
275.7;-0.995056
275.8;-0.994881
275.9;-0.994703
276;-0.994522
276.1;-0.994338
276.2;-0.994151
276.3;-0.993961
276.4;-0.993768
276.5;-0.993572
276.6;-0.993373
276.7;-0.993171
276.8;-0.992966
276.9;-0.992757
277;-0.992546
277.1;-0.992332
277.2;-0.992115
277.3;-0.991894
277.4;-0.991671
277.5;-0.991445
277.6;-0.991216
277.7;-0.990983
277.8;-0.990748
277.9;-0.990509
278;-0.990268
278.1;-0.990024
278.2;-0.989776
278.3;-0.989526
278.4;-0.989272
278.5;-0.989016
278.6;-0.988756
278.7;-0.988494
278.8;-0.988228
278.9;-0.98796
279;-0.987688
279.1;-0.987414
279.2;-0.987136
279.3;-0.986856
279.4;-0.986572
279.5;-0.986286
279.6;-0.985996
279.7;-0.985703
279.8;-0.985408
279.9;-0.985109
280;-0.984808
280.1;-0.984503
280.2;-0.984196
280.3;-0.983885
280.4;-0.983571
280.5;-0.983255
280.6;-0.982935
280.7;-0.982613
280.8;-0.982287
280.9;-0.981959
281;-0.981627
281.1;-0.981293
281.2;-0.980955
281.3;-0.980615
281.4;-0.980271
281.5;-0.979925
281.6;-0.979575
281.7;-0.979223
281.8;-0.978867
281.9;-0.978509
282;-0.978148
282.1;-0.977783
282.2;-0.977416
282.3;-0.977046
282.4;-0.976672
282.5;-0.976296
282.6;-0.975917
282.7;-0.975535
282.8;-0.975149
282.9;-0.974761
283;-0.97437
283.1;-0.973976
283.2;-0.973579
283.3;-0.973179
283.4;-0.972776
283.5;-0.97237
283.6;-0.971961
283.7;-0.971549
283.8;-0.971134
283.9;-0.970716
284;-0.970296
284.1;-0.969872
284.2;-0.969445
284.3;-0.969016
284.4;-0.968583
284.5;-0.968148
284.6;-0.967709
284.7;-0.967268
284.8;-0.966823
284.9;-0.966376
285;-0.965926
285.1;-0.965473
285.2;-0.965016
285.3;-0.964557
285.4;-0.964095
285.5;-0.96363
285.6;-0.963163
285.7;-0.962692
285.8;-0.962218
285.9;-0.961741
286;-0.961262
286.1;-0.960779
286.2;-0.960294
286.3;-0.959805
286.4;-0.959314
286.5;-0.95882
286.6;-0.958323
286.7;-0.957822
286.8;-0.957319
286.9;-0.956814
287;-0.956305
287.1;-0.955793
287.2;-0.955278
287.3;-0.954761
287.4;-0.95424
287.5;-0.953717
287.6;-0.953191
287.7;-0.952661
287.8;-0.952129
287.9;-0.951594
288;-0.951057
288.1;-0.950516
288.2;-0.949972
288.3;-0.949425
288.4;-0.948876
288.5;-0.948324
288.6;-0.947768
288.7;-0.94721
288.8;-0.946649
288.9;-0.946085
289;-0.945519
289.1;-0.944949
289.2;-0.944376
289.3;-0.943801
289.4;-0.943223
289.5;-0.942641
289.6;-0.942057
289.7;-0.941471
289.8;-0.940881
289.9;-0.940288
290;-0.939693
290.1;-0.939094
290.2;-0.938493
290.3;-0.937889
290.4;-0.937282
290.5;-0.936672
290.6;-0.93606
290.7;-0.935444
290.8;-0.934826
290.9;-0.934204
291;-0.93358
291.1;-0.932954
291.2;-0.932324
291.3;-0.931691
291.4;-0.931056
291.5;-0.930418
291.6;-0.929776
291.7;-0.929133
291.8;-0.928486
291.9;-0.927836
292;-0.927184
292.1;-0.926529
292.2;-0.925871
292.3;-0.92521
292.4;-0.924546
292.5;-0.92388
292.6;-0.92321
292.7;-0.922538
292.8;-0.921863
292.9;-0.921185
293;-0.920505
293.1;-0.919821
293.2;-0.919135
293.3;-0.918446
293.4;-0.917755
293.5;-0.91706
293.6;-0.916363
293.7;-0.915663
293.8;-0.91496
293.9;-0.914254
294;-0.913545
294.1;-0.912834
294.2;-0.91212
294.3;-0.911403
294.4;-0.910684
294.5;-0.909961
294.6;-0.909236
294.7;-0.908508
294.8;-0.907777
294.9;-0.907044
295;-0.906308
295.1;-0.905569
295.2;-0.904827
295.3;-0.904083
295.4;-0.903335
295.5;-0.902585
295.6;-0.901833
295.7;-0.901077
295.8;-0.900319
295.9;-0.899558
296;-0.898794
296.1;-0.898028
296.2;-0.897258
296.3;-0.896486
296.4;-0.895712
296.5;-0.894934
296.6;-0.894154
296.7;-0.893371
296.8;-0.892586
296.9;-0.891798
297;-0.891007
297.1;-0.890213
297.2;-0.889416
297.3;-0.888617
297.4;-0.887815
297.5;-0.887011
297.6;-0.886204
297.7;-0.885394
297.8;-0.884581
297.9;-0.883766
298;-0.882948
298.1;-0.882127
298.2;-0.881303
298.3;-0.880477
298.4;-0.879649
298.5;-0.878817
298.6;-0.877983
298.7;-0.877146
298.8;-0.876307
298.9;-0.875465
299;-0.87462
299.1;-0.873772
299.2;-0.872922
299.3;-0.872069
299.4;-0.871214
299.5;-0.870356
299.6;-0.869495
299.7;-0.868632
299.8;-0.867765
299.9;-0.866897
300;-0.866025
300.1;-0.865151
300.2;-0.864275
300.3;-0.863396
300.4;-0.862514
300.5;-0.861629
300.6;-0.860742
300.7;-0.859852
300.8;-0.85896
300.9;-0.858065
301;-0.857167
301.1;-0.856267
301.2;-0.855364
301.3;-0.854459
301.4;-0.853551
301.5;-0.85264
301.6;-0.851727
301.7;-0.850811
301.8;-0.849893
301.9;-0.848972
302;-0.848048
302.1;-0.847122
302.2;-0.846193
302.3;-0.845262
302.4;-0.844328
302.5;-0.843391
302.6;-0.842452
302.7;-0.841511
302.8;-0.840567
302.9;-0.83962
303;-0.838671
303.1;-0.837719
303.2;-0.836764
303.3;-0.835807
303.4;-0.834848
303.5;-0.833886
303.6;-0.832921
303.7;-0.831954
303.8;-0.830984
303.9;-0.830012
304;-0.829038
304.1;-0.82806
304.2;-0.827081
304.3;-0.826098
304.4;-0.825113
304.5;-0.824126
304.6;-0.823136
304.7;-0.822144
304.8;-0.821149
304.9;-0.820152
305;-0.819152
305.1;-0.81815
305.2;-0.817145
305.3;-0.816138
305.4;-0.815128
305.5;-0.814116
305.6;-0.813101
305.7;-0.812084
305.8;-0.811064
305.9;-0.810042
306;-0.809017
306.1;-0.80799
306.2;-0.80696
306.3;-0.805928
306.4;-0.804894
306.5;-0.803857
306.6;-0.802817
306.7;-0.801776
306.8;-0.800731
306.9;-0.799685
307;-0.798636
307.1;-0.797584
307.2;-0.79653
307.3;-0.795473
307.4;-0.794415
307.5;-0.793353
307.6;-0.79229
307.7;-0.791224
307.8;-0.790155
307.9;-0.789084
308;-0.788011
308.1;-0.786935
308.2;-0.785857
308.3;-0.784776
308.4;-0.783693
308.5;-0.782608
308.6;-0.78152
308.7;-0.78043
308.8;-0.779338
308.9;-0.778243
309;-0.777146
309.1;-0.776046
309.2;-0.774944
309.3;-0.77384
309.4;-0.772734
309.5;-0.771625
309.6;-0.770513
309.7;-0.7694
309.8;-0.768284
309.9;-0.767165
310;-0.766044
310.1;-0.764921
310.2;-0.763796
310.3;-0.762668
310.4;-0.761538
310.5;-0.760406
310.6;-0.759271
310.7;-0.758134
310.8;-0.756995
310.9;-0.755853
311;-0.75471
311.1;-0.753563
311.2;-0.752415
311.3;-0.751264
311.4;-0.750111
311.5;-0.748956
311.6;-0.747798
311.7;-0.746638
311.8;-0.745476
311.9;-0.744312
312;-0.743145
312.1;-0.741976
312.2;-0.740805
312.3;-0.739631
312.4;-0.738455
312.5;-0.737277
312.6;-0.736097
312.7;-0.734915
312.8;-0.73373
312.9;-0.732543
313;-0.731354
313.1;-0.730162
313.2;-0.728969
313.3;-0.727773
313.4;-0.726575
313.5;-0.725374
313.6;-0.724172
313.7;-0.722967
313.8;-0.72176
313.9;-0.720551
314;-0.71934
314.1;-0.718126
314.2;-0.716911
314.3;-0.715693
314.4;-0.714473
314.5;-0.71325
314.6;-0.712026
314.7;-0.710799
314.8;-0.709571
314.9;-0.70834
315;-0.707107
315.1;-0.705872
315.2;-0.704634
315.3;-0.703395
315.4;-0.702153
315.5;-0.700909
315.6;-0.699663
315.7;-0.698415
315.8;-0.697165
315.9;-0.695913
316;-0.694658
316.1;-0.693402
316.2;-0.692143
316.3;-0.690882
316.4;-0.68962
316.5;-0.688355
316.6;-0.687088
316.7;-0.685818
316.8;-0.684547
316.9;-0.683274
317;-0.681998
317.1;-0.680721
317.2;-0.679441
317.3;-0.67816
317.4;-0.676876
317.5;-0.67559
317.6;-0.674302
317.7;-0.673013
317.8;-0.671721
317.9;-0.670427
318;-0.669131
318.1;-0.667833
318.2;-0.666532
318.3;-0.66523
318.4;-0.663926
318.5;-0.66262
318.6;-0.661312
318.7;-0.660002
318.8;-0.658689
318.9;-0.657375
319;-0.656059
319.1;-0.654741
319.2;-0.653421
319.3;-0.652098
319.4;-0.650774
319.5;-0.649448
319.6;-0.64812
319.7;-0.64679
319.8;-0.645458
319.9;-0.644124
320;-0.642788
320.1;-0.64145
320.2;-0.64011
320.3;-0.638768
320.4;-0.637424
320.5;-0.636078
320.6;-0.634731
320.7;-0.633381
320.8;-0.632029
320.9;-0.630676
321;-0.62932
321.1;-0.627963
321.2;-0.626604
321.3;-0.625243
321.4;-0.62388
321.5;-0.622515
321.6;-0.621148
321.7;-0.619779
321.8;-0.618408
321.9;-0.617036
322;-0.615661
322.1;-0.614285
322.2;-0.612907
322.3;-0.611527
322.4;-0.610145
322.5;-0.608761
322.6;-0.607376
322.7;-0.605988
322.8;-0.604599
322.9;-0.603208
323;-0.601815
323.1;-0.60042
323.2;-0.599024
323.3;-0.597625
323.4;-0.596225
323.5;-0.594823
323.6;-0.593419
323.7;-0.592013
323.8;-0.590606
323.9;-0.589196
324;-0.587785
324.1;-0.586372
324.2;-0.584958
324.3;-0.583541
324.4;-0.582123
324.5;-0.580703
324.6;-0.579281
324.7;-0.577858
324.8;-0.576432
324.9;-0.575005
325;-0.573576
325.1;-0.572146
325.2;-0.570714
325.3;-0.56928
325.4;-0.567844
325.5;-0.566406
325.6;-0.564967
325.7;-0.563526
325.8;-0.562083
325.9;-0.560639
326;-0.559193
326.1;-0.557745
326.2;-0.556296
326.3;-0.554844
326.4;-0.553392
326.5;-0.551937
326.6;-0.550481
326.7;-0.549023
326.8;-0.547563
326.9;-0.546102
327;-0.544639
327.1;-0.543174
327.2;-0.541708
327.3;-0.54024
327.4;-0.538771
327.5;-0.5373
327.6;-0.535827
327.7;-0.534352
327.8;-0.532876
327.9;-0.531399
328;-0.529919
328.1;-0.528438
328.2;-0.526956
328.3;-0.525472
328.4;-0.523986
328.5;-0.522499
328.6;-0.52101
328.7;-0.519519
328.8;-0.518027
328.9;-0.516533
329;-0.515038
329.1;-0.513541
329.2;-0.512043
329.3;-0.510543
329.4;-0.509041
329.5;-0.507538
329.6;-0.506034
329.7;-0.504528
329.8;-0.50302
329.9;-0.501511
330;-0.5
330.1;-0.498488
330.2;-0.496974
330.3;-0.495459
330.4;-0.493942
330.5;-0.492424
330.6;-0.490904
330.7;-0.489382
330.8;-0.48786
330.9;-0.486335
331;-0.48481
331.1;-0.483282
331.2;-0.481754
331.3;-0.480223
331.4;-0.478692
331.5;-0.477159
331.6;-0.475624
331.7;-0.474088
331.8;-0.472551
331.9;-0.471012
332;-0.469472
332.1;-0.46793
332.2;-0.466387
332.3;-0.464842
332.4;-0.463296
332.5;-0.461749
332.6;-0.4602
332.7;-0.45865
332.8;-0.457098
332.9;-0.455545
333;-0.45399
333.1;-0.452435
333.2;-0.450878
333.3;-0.449319
333.4;-0.447759
333.5;-0.446198
333.6;-0.444635
333.7;-0.443071
333.8;-0.441506
333.9;-0.439939
334;-0.438371
334.1;-0.436802
334.2;-0.435231
334.3;-0.433659
334.4;-0.432086
334.5;-0.430511
334.6;-0.428935
334.7;-0.427358
334.8;-0.425779
334.9;-0.424199
335;-0.422618
335.1;-0.421036
335.2;-0.419452
335.3;-0.417867
335.4;-0.416281
335.5;-0.414693
335.6;-0.413104
335.7;-0.411514
335.8;-0.409923
335.9;-0.40833
336;-0.406737
336.1;-0.405142
336.2;-0.403545
336.3;-0.401948
336.4;-0.400349
336.5;-0.398749
336.6;-0.397148
336.7;-0.395546
336.8;-0.393942
336.9;-0.392337
337;-0.390731
337.1;-0.389124
337.2;-0.387516
337.3;-0.385906
337.4;-0.384295
337.5;-0.382683
337.6;-0.38107
337.7;-0.379456
337.8;-0.377841
337.9;-0.376224
338;-0.374607
338.1;-0.372988
338.2;-0.371368
338.3;-0.369747
338.4;-0.368125
338.5;-0.366501
338.6;-0.364877
338.7;-0.363251
338.8;-0.361625
338.9;-0.359997
339;-0.358368
339.1;-0.356738
339.2;-0.355107
339.3;-0.353475
339.4;-0.351842
339.5;-0.350207
339.6;-0.348572
339.7;-0.346936
339.8;-0.345298
339.9;-0.34366
340;-0.34202
340.1;-0.34038
340.2;-0.338738
340.3;-0.337095
340.4;-0.335452
340.5;-0.333807
340.6;-0.332161
340.7;-0.330514
340.8;-0.328867
340.9;-0.327218
341;-0.325568
341.1;-0.323917
341.2;-0.322266
341.3;-0.320613
341.4;-0.318959
341.5;-0.317305
341.6;-0.315649
341.7;-0.313992
341.8;-0.312335
341.9;-0.310676
342;-0.309017
342.1;-0.307357
342.2;-0.305695
342.3;-0.304033
342.4;-0.30237
342.5;-0.300706
342.6;-0.299041
342.7;-0.297375
342.8;-0.295708
342.9;-0.29404
343;-0.292372
343.1;-0.290702
343.2;-0.289032
343.3;-0.287361
343.4;-0.285688
343.5;-0.284015
343.6;-0.282341
343.7;-0.280667
343.8;-0.278991
343.9;-0.277315
344;-0.275637
344.1;-0.273959
344.2;-0.27228
344.3;-0.2706
344.4;-0.26892
344.5;-0.267238
344.6;-0.265556
344.7;-0.263873
344.8;-0.262189
344.9;-0.260505
345;-0.258819
345.1;-0.257133
345.2;-0.255446
345.3;-0.253758
345.4;-0.252069
345.5;-0.25038
345.6;-0.24869
345.7;-0.246999
345.8;-0.245307
345.9;-0.243615
346;-0.241922
346.1;-0.240228
346.2;-0.238533
346.3;-0.236838
346.4;-0.235142
346.5;-0.233445
346.6;-0.231748
346.7;-0.23005
346.8;-0.228351
346.9;-0.226651
347;-0.224951
347.1;-0.22325
347.2;-0.221548
347.3;-0.219846
347.4;-0.218143
347.5;-0.21644
347.6;-0.214735
347.7;-0.21303
347.8;-0.211325
347.9;-0.209619
348;-0.207912
348.1;-0.206204
348.2;-0.204496
348.3;-0.202787
348.4;-0.201078
348.5;-0.199368
348.6;-0.197657
348.7;-0.195946
348.8;-0.194234
348.9;-0.192522
349;-0.190809
349.1;-0.189095
349.2;-0.187381
349.3;-0.185667
349.4;-0.183951
349.5;-0.182236
349.6;-0.180519
349.7;-0.178802
349.8;-0.177085
349.9;-0.175367
350;-0.173648
350.1;-0.171929
350.2;-0.170209
350.3;-0.168489
350.4;-0.166769
350.5;-0.165048
350.6;-0.163326
350.7;-0.161604
350.8;-0.159881
350.9;-0.158158
351;-0.156434
351.1;-0.15471
351.2;-0.152986
351.3;-0.151261
351.4;-0.149535
351.5;-0.147809
351.6;-0.146083
351.7;-0.144356
351.8;-0.142629
351.9;-0.140901
352;-0.139173
352.1;-0.137445
352.2;-0.135716
352.3;-0.133986
352.4;-0.132256
352.5;-0.130526
352.6;-0.128796
352.7;-0.127065
352.8;-0.125333
352.9;-0.123601
353;-0.121869
353.1;-0.120137
353.2;-0.118404
353.3;-0.116671
353.4;-0.114937
353.5;-0.113203
353.6;-0.111469
353.7;-0.109734
353.8;-0.107999
353.9;-0.106264
354;-0.104528
354.1;-0.102793
354.2;-0.101056
354.3;-0.0993197
354.4;-0.0975829
354.5;-0.0958458
354.6;-0.0941083
354.7;-0.0923706
354.8;-0.0906326
354.9;-0.0888943
355;-0.0871557
355.1;-0.0854169
355.2;-0.0836778
355.3;-0.0819385
355.4;-0.0801989
355.5;-0.0784591
355.6;-0.076719
355.7;-0.0749787
355.8;-0.0732382
355.9;-0.0714974
356;-0.0697565
356.1;-0.0680153
356.2;-0.0662739
356.3;-0.0645323
356.4;-0.0627905
356.5;-0.0610485
356.6;-0.0593064
356.7;-0.057564
356.8;-0.0558215
356.9;-0.0540788
357;-0.052336
357.1;-0.0505929
357.2;-0.0488498
357.3;-0.0471065
357.4;-0.045363
357.5;-0.0436194
357.6;-0.0418757
357.7;-0.0401318
357.8;-0.0383878
357.9;-0.0366437
358;-0.0348995
358.1;-0.0331552
358.2;-0.0314108
358.3;-0.0296662
358.4;-0.0279216
358.5;-0.0261769
358.6;-0.0244322
358.7;-0.0226873
358.8;-0.0209424
358.9;-0.0191974
359;-0.0174524
359.1;-0.0157073
359.2;-0.0139622
359.3;-0.012217
359.4;-0.0104718
359.5;-0.00872654
359.6;-0.00698126
359.7;-0.00523596
359.8;-0.00349065
359.9;-0.00174533
360;-3.27095e-13
360.1;0.00174533
360.2;0.00349065
360.3;0.00523596
360.4;0.00698126
360.5;0.00872654
360.6;0.0104718
360.7;0.012217
360.8;0.0139622
360.9;0.0157073
361;0.0174524
361.1;0.0191974
361.2;0.0209424
361.3;0.0226873
361.4;0.0244322
361.5;0.0261769
361.6;0.0279216
361.7;0.0296662
361.8;0.0314108
361.9;0.0331552
362;0.0348995
362.1;0.0366437
362.2;0.0383878
362.3;0.0401318
362.4;0.0418757
362.5;0.0436194
362.6;0.045363
362.7;0.0471065
362.8;0.0488498
362.9;0.0505929
363;0.052336
363.1;0.0540788
363.2;0.0558215
363.3;0.057564
363.4;0.0593064
363.5;0.0610485
363.6;0.0627905
363.7;0.0645323
363.8;0.0662739
363.9;0.0680153
364;0.0697565
364.1;0.0714974
364.2;0.0732382
364.3;0.0749787
364.4;0.076719
364.5;0.0784591
364.6;0.0801989
364.7;0.0819385
364.8;0.0836778
364.9;0.0854169
365;0.0871557
365.1;0.0888943
365.2;0.0906326
365.3;0.0923706
365.4;0.0941083
365.5;0.0958458
365.6;0.0975829
365.7;0.0993197
365.8;0.101056
365.9;0.102793
366;0.104528
366.1;0.106264
366.2;0.107999
366.3;0.109734
366.4;0.111469
366.5;0.113203
366.6;0.114937
366.7;0.116671
366.8;0.118404
366.9;0.120137
367;0.121869
367.1;0.123601
367.2;0.125333
367.3;0.127065
367.4;0.128796
367.5;0.130526
367.6;0.132256
367.7;0.133986
367.8;0.135716
367.9;0.137445
368;0.139173
368.1;0.140901
368.2;0.142629
368.3;0.144356
368.4;0.146083
368.5;0.147809
368.6;0.149535
368.7;0.151261
368.8;0.152986
368.9;0.15471
369;0.156434
369.1;0.158158
369.2;0.159881
369.3;0.161604
369.4;0.163326
369.5;0.165048
369.6;0.166769
369.7;0.168489
369.8;0.170209
369.9;0.171929
370;0.173648
370.1;0.175367
370.2;0.177085
370.3;0.178802
370.4;0.180519
370.5;0.182236
370.6;0.183951
370.7;0.185667
370.8;0.187381
370.9;0.189095
371;0.190809
371.1;0.192522
371.2;0.194234
371.3;0.195946
371.4;0.197657
371.5;0.199368
371.6;0.201078
371.7;0.202787
371.8;0.204496
371.9;0.206204
372;0.207912
372.1;0.209619
372.2;0.211325
372.3;0.21303
372.4;0.214735
372.5;0.21644
372.6;0.218143
372.7;0.219846
372.8;0.221548
372.9;0.22325
373;0.224951
373.1;0.226651
373.2;0.228351
373.3;0.23005
373.4;0.231748
373.5;0.233445
373.6;0.235142
373.7;0.236838
373.8;0.238533
373.9;0.240228
374;0.241922
374.1;0.243615
374.2;0.245307
374.3;0.246999
374.4;0.24869
374.5;0.25038
374.6;0.252069
374.7;0.253758
374.8;0.255446
374.9;0.257133
375;0.258819
375.1;0.260505
375.2;0.262189
375.3;0.263873
375.4;0.265556
375.5;0.267238
375.6;0.26892
375.7;0.2706
375.8;0.27228
375.9;0.273959
376;0.275637
376.1;0.277315
376.2;0.278991
376.3;0.280667
376.4;0.282341
376.5;0.284015
376.6;0.285688
376.7;0.287361
376.8;0.289032
376.9;0.290702
377;0.292372
377.1;0.29404
377.2;0.295708
377.3;0.297375
377.4;0.299041
377.5;0.300706
377.6;0.30237
377.7;0.304033
377.8;0.305695
377.9;0.307357
378;0.309017
378.1;0.310676
378.2;0.312335
378.3;0.313992
378.4;0.315649
378.5;0.317305
378.6;0.318959
378.7;0.320613
378.8;0.322266
378.9;0.323917
379;0.325568
379.1;0.327218
379.2;0.328867
379.3;0.330514
379.4;0.332161
379.5;0.333807
379.6;0.335452
379.7;0.337095
379.8;0.338738
379.9;0.34038
380;0.34202
380.1;0.34366
380.2;0.345298
380.3;0.346936
380.4;0.348572
380.5;0.350207
380.6;0.351842
380.7;0.353475
380.8;0.355107
380.9;0.356738
381;0.358368
381.1;0.359997
381.2;0.361625
381.3;0.363251
381.4;0.364877
381.5;0.366501
381.6;0.368125
381.7;0.369747
381.8;0.371368
381.9;0.372988
382;0.374607
382.1;0.376224
382.2;0.377841
382.3;0.379456
382.4;0.38107
382.5;0.382683
382.6;0.384295
382.7;0.385906
382.8;0.387516
382.9;0.389124
383;0.390731
383.1;0.392337
383.2;0.393942
383.3;0.395546
383.4;0.397148
383.5;0.398749
383.6;0.400349
383.7;0.401948
383.8;0.403545
383.9;0.405142
384;0.406737
384.1;0.40833
384.2;0.409923
384.3;0.411514
384.4;0.413104
384.5;0.414693
384.6;0.416281
384.7;0.417867
384.8;0.419452
384.9;0.421036
385;0.422618
385.1;0.424199
385.2;0.425779
385.3;0.427358
385.4;0.428935
385.5;0.430511
385.6;0.432086
385.7;0.433659
385.8;0.435231
385.9;0.436802
386;0.438371
386.1;0.439939
386.2;0.441506
386.3;0.443071
386.4;0.444635
386.5;0.446198
386.6;0.447759
386.7;0.449319
386.8;0.450878
386.9;0.452435
387;0.45399
387.1;0.455545
387.2;0.457098
387.3;0.45865
387.4;0.4602
387.5;0.461749
387.6;0.463296
387.7;0.464842
387.8;0.466387
387.9;0.46793
388;0.469472
388.1;0.471012
388.2;0.472551
388.3;0.474088
388.4;0.475624
388.5;0.477159
388.6;0.478692
388.7;0.480223
388.8;0.481754
388.9;0.483282
389;0.48481
389.1;0.486335
389.2;0.48786
389.3;0.489382
389.4;0.490904
389.5;0.492424
389.6;0.493942
389.7;0.495459
389.8;0.496974
389.9;0.498488
390;0.5
390.1;0.501511
390.2;0.50302
390.3;0.504528
390.4;0.506034
390.5;0.507538
390.6;0.509041
390.7;0.510543
390.8;0.512043
390.9;0.513541
391;0.515038
391.1;0.516533
391.2;0.518027
391.3;0.519519
391.4;0.52101
391.5;0.522499
391.6;0.523986
391.7;0.525472
391.8;0.526956
391.9;0.528438
392;0.529919
392.1;0.531399
392.2;0.532876
392.3;0.534352
392.4;0.535827
392.5;0.5373
392.6;0.538771
392.7;0.54024
392.8;0.541708
392.9;0.543174
393;0.544639
393.1;0.546102
393.2;0.547563
393.3;0.549023
393.4;0.550481
393.5;0.551937
393.6;0.553392
393.7;0.554844
393.8;0.556296
393.9;0.557745
394;0.559193
394.1;0.560639
394.2;0.562083
394.3;0.563526
394.4;0.564967
394.5;0.566406
394.6;0.567844
394.7;0.56928
394.8;0.570714
394.9;0.572146
395;0.573576
395.1;0.575005
395.2;0.576432
395.3;0.577858
395.4;0.579281
395.5;0.580703
395.6;0.582123
395.7;0.583541
395.8;0.584958
395.9;0.586372
396;0.587785
396.1;0.589196
396.2;0.590606
396.3;0.592013
396.4;0.593419
396.5;0.594823
396.6;0.596225
396.7;0.597625
396.8;0.599024
396.9;0.60042
397;0.601815
397.1;0.603208
397.2;0.604599
397.3;0.605988
397.4;0.607376
397.5;0.608761
397.6;0.610145
397.7;0.611527
397.8;0.612907
397.9;0.614285
398;0.615661
398.1;0.617036
398.2;0.618408
398.3;0.619779
398.4;0.621148
398.5;0.622515
398.6;0.62388
398.7;0.625243
398.8;0.626604
398.9;0.627963
399;0.62932
399.1;0.630676
399.2;0.632029
399.3;0.633381
399.4;0.634731
399.5;0.636078
399.6;0.637424
399.7;0.638768
399.8;0.64011
399.9;0.64145
400;0.642788
400.1;0.644124
400.2;0.645458
400.3;0.64679
400.4;0.64812
400.5;0.649448
400.6;0.650774
400.7;0.652098
400.8;0.653421
400.9;0.654741
401;0.656059
401.1;0.657375
401.2;0.658689
401.3;0.660002
401.4;0.661312
401.5;0.66262
401.6;0.663926
401.7;0.66523
401.8;0.666532
401.9;0.667833
402;0.669131
402.1;0.670427
402.2;0.671721
402.3;0.673013
402.4;0.674302
402.5;0.67559
402.6;0.676876
402.7;0.67816
402.8;0.679441
402.9;0.680721
403;0.681998
403.1;0.683274
403.2;0.684547
403.3;0.685818
403.4;0.687088
403.5;0.688355
403.6;0.68962
403.7;0.690882
403.8;0.692143
403.9;0.693402
404;0.694658
404.1;0.695913
404.2;0.697165
404.3;0.698415
404.4;0.699663
404.5;0.700909
404.6;0.702153
404.7;0.703395
404.8;0.704634
404.9;0.705872
405;0.707107
405.1;0.70834
405.2;0.709571
405.3;0.710799
405.4;0.712026
405.5;0.71325
405.6;0.714473
405.7;0.715693
405.8;0.716911
405.9;0.718126
406;0.71934
406.1;0.720551
406.2;0.72176
406.3;0.722967
406.4;0.724172
406.5;0.725374
406.6;0.726575
406.7;0.727773
406.8;0.728969
406.9;0.730162
407;0.731354
407.1;0.732543
407.2;0.73373
407.3;0.734915
407.4;0.736097
407.5;0.737277
407.6;0.738455
407.7;0.739631
407.8;0.740805
407.9;0.741976
408;0.743145
408.1;0.744312
408.2;0.745476
408.3;0.746638
408.4;0.747798
408.5;0.748956
408.6;0.750111
408.7;0.751264
408.8;0.752415
408.9;0.753563
409;0.75471
409.1;0.755853
409.2;0.756995
409.3;0.758134
409.4;0.759271
409.5;0.760406
409.6;0.761538
409.7;0.762668
409.8;0.763796
409.9;0.764921
410;0.766044
410.1;0.767165
410.2;0.768284
410.3;0.7694
410.4;0.770513
410.5;0.771625
410.6;0.772734
410.7;0.77384
410.8;0.774944
410.9;0.776046
411;0.777146
411.1;0.778243
411.2;0.779338
411.3;0.78043
411.4;0.78152
411.5;0.782608
411.6;0.783693
411.7;0.784776
411.8;0.785857
411.9;0.786935
412;0.788011
412.1;0.789084
412.2;0.790155
412.3;0.791224
412.4;0.79229
412.5;0.793353
412.6;0.794415
412.7;0.795473
412.8;0.79653
412.9;0.797584
413;0.798636
413.1;0.799685
413.2;0.800731
413.3;0.801776
413.4;0.802817
413.5;0.803857
413.6;0.804894
413.7;0.805928
413.8;0.80696
413.9;0.80799
414;0.809017
414.1;0.810042
414.2;0.811064
414.3;0.812084
414.4;0.813101
414.5;0.814116
414.6;0.815128
414.7;0.816138
414.8;0.817145
414.9;0.81815
415;0.819152
415.1;0.820152
415.2;0.821149
415.3;0.822144
415.4;0.823136
415.5;0.824126
415.6;0.825113
415.7;0.826098
415.8;0.827081
415.9;0.82806
416;0.829038
416.1;0.830012
416.2;0.830984
416.3;0.831954
416.4;0.832921
416.5;0.833886
416.6;0.834848
416.7;0.835807
416.8;0.836764
416.9;0.837719
417;0.838671
417.1;0.83962
417.2;0.840567
417.3;0.841511
417.4;0.842452
417.5;0.843391
417.6;0.844328
417.7;0.845262
417.8;0.846193
417.9;0.847122
418;0.848048
418.1;0.848972
418.2;0.849893
418.3;0.850811
418.4;0.851727
418.5;0.85264
418.6;0.853551
418.7;0.854459
418.8;0.855364
418.9;0.856267
419;0.857167
419.1;0.858065
419.2;0.85896
419.3;0.859852
419.4;0.860742
419.5;0.861629
419.6;0.862514
419.7;0.863396
419.8;0.864275
419.9;0.865151
420;0.866025
420.1;0.866897
420.2;0.867765
420.3;0.868632
420.4;0.869495
420.5;0.870356
420.6;0.871214
420.7;0.872069
420.8;0.872922
420.9;0.873772
421;0.87462
421.1;0.875465
421.2;0.876307
421.3;0.877146
421.4;0.877983
421.5;0.878817
421.6;0.879649
421.7;0.880477
421.8;0.881303
421.9;0.882127
422;0.882948
422.1;0.883766
422.2;0.884581
422.3;0.885394
422.4;0.886204
422.5;0.887011
422.6;0.887815
422.7;0.888617
422.8;0.889416
422.9;0.890213
423;0.891007
423.1;0.891798
423.2;0.892586
423.3;0.893371
423.4;0.894154
423.5;0.894934
423.6;0.895712
423.7;0.896486
423.8;0.897258
423.9;0.898028
424;0.898794
424.1;0.899558
424.2;0.900319
424.3;0.901077
424.4;0.901833
424.5;0.902585
424.6;0.903335
424.7;0.904083
424.8;0.904827
424.9;0.905569
425;0.906308
425.1;0.907044
425.2;0.907777
425.3;0.908508
425.4;0.909236
425.5;0.909961
425.6;0.910684
425.7;0.911403
425.8;0.91212
425.9;0.912834
426;0.913545
426.1;0.914254
426.2;0.91496
426.3;0.915663
426.4;0.916363
426.5;0.91706
426.6;0.917755
426.7;0.918446
426.8;0.919135
426.9;0.919821
427;0.920505
427.1;0.921185
427.2;0.921863
427.3;0.922538
427.4;0.92321
427.5;0.92388
427.6;0.924546
427.7;0.92521
427.8;0.925871
427.9;0.926529
428;0.927184
428.1;0.927836
428.2;0.928486
428.3;0.929133
428.4;0.929776
428.5;0.930418
428.6;0.931056
428.7;0.931691
428.8;0.932324
428.9;0.932954
429;0.93358
429.1;0.934204
429.2;0.934826
429.3;0.935444
429.4;0.93606
429.5;0.936672
429.6;0.937282
429.7;0.937889
429.8;0.938493
429.9;0.939094
430;0.939693
430.1;0.940288
430.2;0.940881
430.3;0.941471
430.4;0.942057
430.5;0.942641
430.6;0.943223
430.7;0.943801
430.8;0.944376
430.9;0.944949
431;0.945519
431.1;0.946085
431.2;0.946649
431.3;0.94721
431.4;0.947768
431.5;0.948324
431.6;0.948876
431.7;0.949425
431.8;0.949972
431.9;0.950516
432;0.951057
432.1;0.951594
432.2;0.952129
432.3;0.952661
432.4;0.953191
432.5;0.953717
432.6;0.95424
432.7;0.954761
432.8;0.955278
432.9;0.955793
433;0.956305
433.1;0.956814
433.2;0.957319
433.3;0.957822
433.4;0.958323
433.5;0.95882
433.6;0.959314
433.7;0.959805
433.8;0.960294
433.9;0.960779
434;0.961262
434.1;0.961741
434.2;0.962218
434.3;0.962692
434.4;0.963163
434.5;0.96363
434.6;0.964095
434.7;0.964557
434.8;0.965016
434.9;0.965473
435;0.965926
435.1;0.966376
435.2;0.966823
435.3;0.967268
435.4;0.967709
435.5;0.968148
435.6;0.968583
435.7;0.969016
435.8;0.969445
435.9;0.969872
436;0.970296
436.1;0.970716
436.2;0.971134
436.3;0.971549
436.4;0.971961
436.5;0.97237
436.6;0.972776
436.7;0.973179
436.8;0.973579
436.9;0.973976
437;0.97437
437.1;0.974761
437.2;0.975149
437.3;0.975535
437.4;0.975917
437.5;0.976296
437.6;0.976672
437.7;0.977046
437.8;0.977416
437.9;0.977783
438;0.978148
438.1;0.978509
438.2;0.978867
438.3;0.979223
438.4;0.979575
438.5;0.979925
438.6;0.980271
438.7;0.980615
438.8;0.980955
438.9;0.981293
439;0.981627
439.1;0.981959
439.2;0.982287
439.3;0.982613
439.4;0.982935
439.5;0.983255
439.6;0.983571
439.7;0.983885
439.8;0.984196
439.9;0.984503
440;0.984808
440.1;0.985109
440.2;0.985408
440.3;0.985703
440.4;0.985996
440.5;0.986286
440.6;0.986572
440.7;0.986856
440.8;0.987136
440.9;0.987414
441;0.987688
441.1;0.98796
441.2;0.988228
441.3;0.988494
441.4;0.988756
441.5;0.989016
441.6;0.989272
441.7;0.989526
441.8;0.989776
441.9;0.990024
442;0.990268
442.1;0.990509
442.2;0.990748
442.3;0.990983
442.4;0.991216
442.5;0.991445
442.6;0.991671
442.7;0.991894
442.8;0.992115
442.9;0.992332
443;0.992546
443.1;0.992757
443.2;0.992966
443.3;0.993171
443.4;0.993373
443.5;0.993572
443.6;0.993768
443.7;0.993961
443.8;0.994151
443.9;0.994338
444;0.994522
444.1;0.994703
444.2;0.994881
444.3;0.995056
444.4;0.995227
444.5;0.995396
444.6;0.995562
444.7;0.995725
444.8;0.995884
444.9;0.996041
445;0.996195
445.1;0.996345
445.2;0.996493
445.3;0.996637
445.4;0.996779
445.5;0.996917
445.6;0.997053
445.7;0.997185
445.8;0.997314
445.9;0.997441
446;0.997564
446.1;0.997684
446.2;0.997801
446.3;0.997916
446.4;0.998027
446.5;0.998135
446.6;0.99824
446.7;0.998342
446.8;0.998441
446.9;0.998537
447;0.99863
447.1;0.998719
447.2;0.998806
447.3;0.99889
447.4;0.998971
447.5;0.999048
447.6;0.999123
447.7;0.999194
447.8;0.999263
447.9;0.999328
448;0.999391
448.1;0.99945
448.2;0.999507
448.3;0.99956
448.4;0.99961
448.5;0.999657
448.6;0.999701
448.7;0.999743
448.8;0.999781
448.9;0.999816
449;0.999848
449.1;0.999877
449.2;0.999903
449.3;0.999925
449.4;0.999945
449.5;0.999962
449.6;0.999976
449.7;0.999986
449.8;0.999994
449.9;0.999998
450;1
450.1;0.999998
450.2;0.999994
450.3;0.999986
450.4;0.999976
450.5;0.999962
450.6;0.999945
450.7;0.999925
450.8;0.999903
450.9;0.999877
451;0.999848
451.1;0.999816
451.2;0.999781
451.3;0.999743
451.4;0.999701
451.5;0.999657
451.6;0.99961
451.7;0.99956
451.8;0.999507
451.9;0.99945
452;0.999391
452.1;0.999328
452.2;0.999263
452.3;0.999194
452.4;0.999123
452.5;0.999048
452.6;0.998971
452.7;0.99889
452.8;0.998806
452.9;0.998719
453;0.99863
453.1;0.998537
453.2;0.998441
453.3;0.998342
453.4;0.99824
453.5;0.998135
453.6;0.998027
453.7;0.997916
453.8;0.997801
453.9;0.997684
454;0.997564
454.1;0.997441
454.2;0.997314
454.3;0.997185
454.4;0.997053
454.5;0.996917
454.6;0.996779
454.7;0.996637
454.8;0.996493
454.9;0.996345
455;0.996195
455.1;0.996041
455.2;0.995884
455.3;0.995725
455.4;0.995562
455.5;0.995396
455.6;0.995227
455.7;0.995056
455.8;0.994881
455.9;0.994703
456;0.994522
456.1;0.994338
456.2;0.994151
456.3;0.993961
456.4;0.993768
456.5;0.993572
456.6;0.993373
456.7;0.993171
456.8;0.992966
456.9;0.992757
457;0.992546
457.1;0.992332
457.2;0.992115
457.3;0.991894
457.4;0.991671
457.5;0.991445
457.6;0.991216
457.7;0.990983
457.8;0.990748
457.9;0.990509
458;0.990268
458.1;0.990024
458.2;0.989776
458.3;0.989526
458.4;0.989272
458.5;0.989016
458.6;0.988756
458.7;0.988494
458.8;0.988228
458.9;0.98796
459;0.987688
459.1;0.987414
459.2;0.987136
459.3;0.986856
459.4;0.986572
459.5;0.986286
459.6;0.985996
459.7;0.985703
459.8;0.985408
459.9;0.985109
460;0.984808
460.1;0.984503
460.2;0.984196
460.3;0.983885
460.4;0.983571
460.5;0.983255
460.6;0.982935
460.7;0.982613
460.8;0.982287
460.9;0.981959
461;0.981627
461.1;0.981293
461.2;0.980955
461.3;0.980615
461.4;0.980271
461.5;0.979925
461.6;0.979575
461.7;0.979223
461.8;0.978867
461.9;0.978509
462;0.978148
462.1;0.977783
462.2;0.977416
462.3;0.977046
462.4;0.976672
462.5;0.976296
462.6;0.975917
462.7;0.975535
462.8;0.975149
462.9;0.974761
463;0.97437
463.1;0.973976
463.2;0.973579
463.3;0.973179
463.4;0.972776
463.5;0.97237
463.6;0.971961
463.7;0.971549
463.8;0.971134
463.9;0.970716
464;0.970296
464.1;0.969872
464.2;0.969445
464.3;0.969016
464.4;0.968583
464.5;0.968148
464.6;0.967709
464.7;0.967268
464.8;0.966823
464.9;0.966376
465;0.965926
465.1;0.965473
465.2;0.965016
465.3;0.964557
465.4;0.964095
465.5;0.96363
465.6;0.963163
465.7;0.962692
465.8;0.962218
465.9;0.961741
466;0.961262
466.1;0.960779
466.2;0.960294
466.3;0.959805
466.4;0.959314
466.5;0.95882
466.6;0.958323
466.7;0.957822
466.8;0.957319
466.9;0.956814
467;0.956305
467.1;0.955793
467.2;0.955278
467.3;0.954761
467.4;0.95424
467.5;0.953717
467.6;0.953191
467.7;0.952661
467.8;0.952129
467.9;0.951594
468;0.951057
468.1;0.950516
468.2;0.949972
468.3;0.949425
468.4;0.948876
468.5;0.948324
468.6;0.947768
468.7;0.94721
468.8;0.946649
468.9;0.946085
469;0.945519
469.1;0.944949
469.2;0.944376
469.3;0.943801
469.4;0.943223
469.5;0.942641
469.6;0.942057
469.7;0.941471
469.8;0.940881
469.9;0.940288
470;0.939693
470.1;0.939094
470.2;0.938493
470.3;0.937889
470.4;0.937282
470.5;0.936672
470.6;0.93606
470.7;0.935444
470.8;0.934826
470.9;0.934204
471;0.93358
471.1;0.932954
471.2;0.932324
471.3;0.931691
471.4;0.931056
471.5;0.930418
471.6;0.929776
471.7;0.929133
471.8;0.928486
471.9;0.927836
472;0.927184
472.1;0.926529
472.2;0.925871
472.3;0.92521
472.4;0.924546
472.5;0.92388
472.6;0.92321
472.7;0.922538
472.8;0.921863
472.9;0.921185
473;0.920505
473.1;0.919821
473.2;0.919135
473.3;0.918446
473.4;0.917755
473.5;0.91706
473.6;0.916363
473.7;0.915663
473.8;0.91496
473.9;0.914254
474;0.913545
474.1;0.912834
474.2;0.91212
474.3;0.911403
474.4;0.910684
474.5;0.909961
474.6;0.909236
474.7;0.908508
474.8;0.907777
474.9;0.907044
475;0.906308
475.1;0.905569
475.2;0.904827
475.3;0.904083
475.4;0.903335
475.5;0.902585
475.6;0.901833
475.7;0.901077
475.8;0.900319
475.9;0.899558
476;0.898794
476.1;0.898028
476.2;0.897258
476.3;0.896486
476.4;0.895712
476.5;0.894934
476.6;0.894154
476.7;0.893371
476.8;0.892586
476.9;0.891798
477;0.891007
477.1;0.890213
477.2;0.889416
477.3;0.888617
477.4;0.887815
477.5;0.887011
477.6;0.886204
477.7;0.885394
477.8;0.884581
477.9;0.883766
478;0.882948
478.1;0.882127
478.2;0.881303
478.3;0.880477
478.4;0.879649
478.5;0.878817
478.6;0.877983
478.7;0.877146
478.8;0.876307
478.9;0.875465
479;0.87462
479.1;0.873772
479.2;0.872922
479.3;0.872069
479.4;0.871214
479.5;0.870356
479.6;0.869495
479.7;0.868632
479.8;0.867765
479.9;0.866897
480;0.866025
480.1;0.865151
480.2;0.864275
480.3;0.863396
480.4;0.862514
480.5;0.861629
480.6;0.860742
480.7;0.859852
480.8;0.85896
480.9;0.858065
481;0.857167
481.1;0.856267
481.2;0.855364
481.3;0.854459
481.4;0.853551
481.5;0.85264
481.6;0.851727
481.7;0.850811
481.8;0.849893
481.9;0.848972
482;0.848048
482.1;0.847122
482.2;0.846193
482.3;0.845262
482.4;0.844328
482.5;0.843391
482.6;0.842452
482.7;0.841511
482.8;0.840567
482.9;0.83962
483;0.838671
483.1;0.837719
483.2;0.836764
483.3;0.835807
483.4;0.834848
483.5;0.833886
483.6;0.832921
483.7;0.831954
483.8;0.830984
483.9;0.830012
484;0.829038
484.1;0.82806
484.2;0.827081
484.3;0.826098
484.4;0.825113
484.5;0.824126
484.6;0.823136
484.7;0.822144
484.8;0.821149
484.9;0.820152
485;0.819152
485.1;0.81815
485.2;0.817145
485.3;0.816138
485.4;0.815128
485.5;0.814116
485.6;0.813101
485.7;0.812084
485.8;0.811064
485.9;0.810042
486;0.809017
486.1;0.80799
486.2;0.80696
486.3;0.805928
486.4;0.804894
486.5;0.803857
486.6;0.802817
486.7;0.801776
486.8;0.800731
486.9;0.799685
487;0.798636
487.1;0.797584
487.2;0.79653
487.3;0.795473
487.4;0.794415
487.5;0.793353
487.6;0.79229
487.7;0.791224
487.8;0.790155
487.9;0.789084
488;0.788011
488.1;0.786935
488.2;0.785857
488.3;0.784776
488.4;0.783693
488.5;0.782608
488.6;0.78152
488.7;0.78043
488.8;0.779338
488.9;0.778243
489;0.777146
489.1;0.776046
489.2;0.774944
489.3;0.77384
489.4;0.772734
489.5;0.771625
489.6;0.770513
489.7;0.7694
489.8;0.768284
489.9;0.767165
490;0.766044
490.1;0.764921
490.2;0.763796
490.3;0.762668
490.4;0.761538
490.5;0.760406
490.6;0.759271
490.7;0.758134
490.8;0.756995
490.9;0.755853
491;0.75471
491.1;0.753563
491.2;0.752415
491.3;0.751264
491.4;0.750111
491.5;0.748956
491.6;0.747798
491.7;0.746638
491.8;0.745476
491.9;0.744312
492;0.743145
492.1;0.741976
492.2;0.740805
492.3;0.739631
492.4;0.738455
492.5;0.737277
492.6;0.736097
492.7;0.734915
492.8;0.73373
492.9;0.732543
493;0.731354
493.1;0.730162
493.2;0.728969
493.3;0.727773
493.4;0.726575
493.5;0.725374
493.6;0.724172
493.7;0.722967
493.8;0.72176
493.9;0.720551
494;0.71934
494.1;0.718126
494.2;0.716911
494.3;0.715693
494.4;0.714473
494.5;0.71325
494.6;0.712026
494.7;0.710799
494.8;0.709571
494.9;0.70834
495;0.707107
495.1;0.705872
495.2;0.704634
495.3;0.703395
495.4;0.702153
495.5;0.700909
495.6;0.699663
495.7;0.698415
495.8;0.697165
495.9;0.695913
496;0.694658
496.1;0.693402
496.2;0.692143
496.3;0.690882
496.4;0.68962
496.5;0.688355
496.6;0.687088
496.7;0.685818
496.8;0.684547
496.9;0.683274
497;0.681998
497.1;0.680721
497.2;0.679441
497.3;0.67816
497.4;0.676876
497.5;0.67559
497.6;0.674302
497.7;0.673013
497.8;0.671721
497.9;0.670427
498;0.669131
498.1;0.667833
498.2;0.666532
498.3;0.66523
498.4;0.663926
498.5;0.66262
498.6;0.661312
498.7;0.660002
498.8;0.658689
498.9;0.657375
499;0.656059
499.1;0.654741
499.2;0.653421
499.3;0.652098
499.4;0.650774
499.5;0.649448
499.6;0.64812
499.7;0.64679
499.8;0.645458
499.9;0.644124
