-1000;0.984808
-999.6;0.985996
-999.2;0.987136
-998.8;0.988228
-998.4;0.989272
-998;0.990268
-997.6;0.991216
-997.2;0.992115
-996.8;0.992966
-996.4;0.993768
-996;0.994522
-995.6;0.995227
-995.2;0.995884
-994.8;0.996493
-994.4;0.997053
-994;0.997564
-993.6;0.998027
-993.2;0.998441
-992.8;0.998806
-992.4;0.999123
-992;0.999391
-991.6;0.99961
-991.2;0.999781
-990.8;0.999903
-990.4;0.999976
-990;1
-989.6;0.999976
-989.2;0.999903
-988.8;0.999781
-988.4;0.99961
-988;0.999391
-987.6;0.999123
-987.2;0.998806
-986.8;0.998441
-986.4;0.998027
-986;0.997564
-985.6;0.997053
-985.2;0.996493
-984.8;0.995884
-984.4;0.995227
-984;0.994522
-983.6;0.993768
-983.2;0.992966
-982.8;0.992115
-982.4;0.991216
-982;0.990268
-981.6;0.989272
-981.2;0.988228
-980.8;0.987136
-980.4;0.985996
-980;0.984808
-979.6;0.983571
-979.2;0.982287
-978.8;0.980955
-978.4;0.979575
-978;0.978148
-977.6;0.976672
-977.2;0.975149
-976.8;0.973579
-976.4;0.971961
-976;0.970296
-975.6;0.968583
-975.2;0.966823
-974.8;0.965016
-974.4;0.963163
-974;0.961262
-973.6;0.959314
-973.2;0.957319
-972.8;0.955278
-972.4;0.953191
-972;0.951057
-971.6;0.948876
-971.2;0.946649
-970.8;0.944376
-970.4;0.942057
-970;0.939693
-969.6;0.937282
-969.2;0.934826
-968.8;0.932324
-968.4;0.929776
-968;0.927184
-967.6;0.924546
-967.2;0.921863
-966.8;0.919135
-966.4;0.916363
-966;0.913545
-965.6;0.910684
-965.2;0.907777
-964.8;0.904827
-964.4;0.901833
-964;0.898794
-963.6;0.895712
-963.2;0.892586
-962.8;0.889416
-962.4;0.886204
-962;0.882948
-961.6;0.879649
-961.2;0.876307
-960.8;0.872922
-960.4;0.869495
-960;0.866025
-959.6;0.862514
-959.2;0.85896
-958.8;0.855364
-958.4;0.851727
-958;0.848048
-957.6;0.844328
-957.2;0.840567
-956.8;0.836764
-956.4;0.832921
-956;0.829038
-955.6;0.825113
-955.2;0.821149
-954.8;0.817145
-954.4;0.813101
-954;0.809017
-953.6;0.804894
-953.2;0.800731
-952.8;0.79653
-952.4;0.79229
-952;0.788011
-951.6;0.783693
-951.2;0.779338
-950.8;0.774944
-950.4;0.770513
-950;0.766044
-949.6;0.761538
-949.2;0.756995
-948.8;0.752415
-948.4;0.747798
-948;0.743145
-947.6;0.738455
-947.2;0.73373
-946.8;0.728969
-946.4;0.724172
-946;0.71934
-945.6;0.714473
-945.2;0.709571
-944.8;0.704634
-944.4;0.699663
-944;0.694658
-943.6;0.68962
-943.2;0.684547
-942.8;0.679441
-942.4;0.674302
-942;0.669131
-941.6;0.663926
-941.2;0.658689
-940.8;0.653421
-940.4;0.64812
-940;0.642788
-939.6;0.637424
-939.2;0.632029
-938.8;0.626604
-938.4;0.621148
-938;0.615661
-937.6;0.610145
-937.2;0.604599
-936.8;0.599024
-936.4;0.593419
-936;0.587785
-935.6;0.582123
-935.2;0.576432
-934.8;0.570714
-934.4;0.564967
-934;0.559193
-933.6;0.553392
-933.2;0.547563
-932.8;0.541708
-932.4;0.535827
-932;0.529919
-931.6;0.523986
-931.2;0.518027
-930.8;0.512043
-930.4;0.506034
-930;0.5
-929.6;0.493942
-929.2;0.48786
-928.8;0.481754
-928.4;0.475624
-928;0.469472
-927.6;0.463296
-927.2;0.457098
-926.8;0.450878
-926.4;0.444635
-926;0.438371
-925.6;0.432086
-925.2;0.425779
-924.8;0.419452
-924.4;0.413104
-924;0.406737
-923.6;0.400349
-923.2;0.393942
-922.8;0.387516
-922.4;0.38107
-922;0.374607
-921.6;0.368125
-921.2;0.361625
-920.8;0.355107
-920.4;0.348572
-920;0.34202
-919.6;0.335452
-919.2;0.328867
-918.8;0.322266
-918.4;0.315649
-918;0.309017
-917.6;0.30237
-917.2;0.295708
-916.8;0.289032
-916.4;0.282341
-916;0.275637
-915.6;0.26892
-915.2;0.262189
-914.8;0.255446
-914.4;0.24869
-914;0.241922
-913.6;0.235142
-913.2;0.228351
-912.8;0.221548
-912.4;0.214735
-912;0.207912
-911.6;0.201078
-911.2;0.194234
-910.8;0.187381
-910.4;0.180519
-910;0.173648
-909.6;0.166769
-909.2;0.159881
-908.8;0.152986
-908.4;0.146083
-908;0.139173
-907.6;0.132256
-907.2;0.125333
-906.8;0.118404
-906.4;0.111469
-906;0.104528
-905.6;0.0975829
-905.2;0.0906326
-904.8;0.0836778
-904.4;0.076719
-904;0.0697565
-903.6;0.0627905
-903.2;0.0558215
-902.8;0.0488498
-902.4;0.0418757
-902;0.0348995
-901.6;0.0279216
-901.2;0.0209424
-900.8;0.0139622
-900.4;0.00698126
-900;1.09522e-13
-899.6;-0.00698126
-899.2;-0.0139622
-898.8;-0.0209424
-898.4;-0.0279216
-898;-0.0348995
-897.6;-0.0418757
-897.2;-0.0488498
-896.8;-0.0558215
-896.4;-0.0627905
-896;-0.0697565
-895.6;-0.076719
-895.2;-0.0836778
-894.8;-0.0906326
-894.4;-0.0975829
-894;-0.104528
-893.6;-0.111469
-893.2;-0.118404
-892.8;-0.125333
-892.4;-0.132256
-892;-0.139173
-891.6;-0.146083
-891.2;-0.152986
-890.8;-0.159881
-890.4;-0.166769
-890;-0.173648
-889.6;-0.180519
-889.2;-0.187381
-888.8;-0.194234
-888.4;-0.201078
-888;-0.207912
-887.6;-0.214735
-887.2;-0.221548
-886.8;-0.228351
-886.4;-0.235142
-886;-0.241922
-885.6;-0.24869
-885.2;-0.255446
-884.8;-0.262189
-884.4;-0.26892
-884;-0.275637
-883.6;-0.282341
-883.2;-0.289032
-882.8;-0.295708
-882.4;-0.30237
-882;-0.309017
-881.6;-0.315649
-881.2;-0.322266
-880.8;-0.328867
-880.4;-0.335452
-880;-0.34202
-879.6;-0.348572
-879.2;-0.355107
-878.8;-0.361625
-878.4;-0.368125
-878;-0.374607
-877.6;-0.38107
-877.2;-0.387516
-876.8;-0.393942
-876.4;-0.400349
-876;-0.406737
-875.6;-0.413104
-875.2;-0.419452
-874.8;-0.425779
-874.4;-0.432086
-874;-0.438371
-873.6;-0.444635
-873.2;-0.450878
-872.8;-0.457098
-872.4;-0.463296
-872;-0.469472
-871.6;-0.475624
-871.2;-0.481754
-870.8;-0.48786
-870.4;-0.493942
-870;-0.5
-869.6;-0.506034
-869.2;-0.512043
-868.8;-0.518027
-868.4;-0.523986
-868;-0.529919
-867.6;-0.535827
-867.2;-0.541708
-866.8;-0.547563
-866.4;-0.553392
-866;-0.559193
-865.6;-0.564967
-865.2;-0.570714
-864.8;-0.576432
-864.4;-0.582123
-864;-0.587785
-863.6;-0.593419
-863.2;-0.599024
-862.8;-0.604599
-862.4;-0.610145
-862;-0.615661
-861.6;-0.621148
-861.2;-0.626604
-860.8;-0.632029
-860.4;-0.637424
-860;-0.642788
-859.6;-0.64812
-859.2;-0.653421
-858.8;-0.658689
-858.4;-0.663926
-858;-0.669131
-857.6;-0.674302
-857.2;-0.679441
-856.8;-0.684547
-856.4;-0.68962
-856;-0.694658
-855.6;-0.699663
-855.2;-0.704634
-854.8;-0.709571
-854.4;-0.714473
-854;-0.71934
-853.6;-0.724172
-853.2;-0.728969
-852.8;-0.73373
-852.4;-0.738455
-852;-0.743145
-851.6;-0.747798
-851.2;-0.752415
-850.8;-0.756995
-850.4;-0.761538
-850;-0.766044
-849.6;-0.770513
-849.2;-0.774944
-848.8;-0.779338
-848.4;-0.783693
-848;-0.788011
-847.6;-0.79229
-847.2;-0.79653
-846.8;-0.800731
-846.4;-0.804894
-846;-0.809017
-845.6;-0.813101
-845.2;-0.817145
-844.8;-0.821149
-844.4;-0.825113
-844;-0.829038
-843.6;-0.832921
-843.2;-0.836764
-842.8;-0.840567
-842.4;-0.844328
-842;-0.848048
-841.6;-0.851727
-841.2;-0.855364
-840.8;-0.85896
-840.4;-0.862514
-840;-0.866025
-839.6;-0.869495
-839.2;-0.872922
-838.8;-0.876307
-838.4;-0.879649
-838;-0.882948
-837.6;-0.886204
-837.2;-0.889416
-836.8;-0.892586
-836.4;-0.895712
-836;-0.898794
-835.6;-0.901833
-835.2;-0.904827
-834.8;-0.907777
-834.4;-0.910684
-834;-0.913545
-833.6;-0.916363
-833.2;-0.919135
-832.8;-0.921863
-832.4;-0.924546
-832;-0.927184
-831.6;-0.929776
-831.2;-0.932324
-830.8;-0.934826
-830.4;-0.937282
-830;-0.939693
-829.6;-0.942057
-829.2;-0.944376
-828.8;-0.946649
-828.4;-0.948876
-828;-0.951057
-827.6;-0.953191
-827.2;-0.955278
-826.8;-0.957319
-826.4;-0.959314
-826;-0.961262
-825.6;-0.963163
-825.2;-0.965016
-824.8;-0.966823
-824.4;-0.968583
-824;-0.970296
-823.6;-0.971961
-823.2;-0.973579
-822.8;-0.975149
-822.4;-0.976672
-822;-0.978148
-821.6;-0.979575
-821.2;-0.980955
-820.8;-0.982287
-820.4;-0.983571
-820;-0.984808
-819.6;-0.985996
-819.2;-0.987136
-818.8;-0.988228
-818.4;-0.989272
-818;-0.990268
-817.6;-0.991216
-817.2;-0.992115
-816.8;-0.992966
-816.4;-0.993768
-816;-0.994522
-815.6;-0.995227
-815.2;-0.995884
-814.8;-0.996493
-814.4;-0.997053
-814;-0.997564
-813.6;-0.998027
-813.2;-0.998441
-812.8;-0.998806
-812.4;-0.999123
-812;-0.999391
-811.6;-0.99961
-811.2;-0.999781
-810.8;-0.999903
-810.4;-0.999976
-810;-1
-809.6;-0.999976
-809.2;-0.999903
-808.8;-0.999781
-808.4;-0.99961
-808;-0.999391
-807.6;-0.999123
-807.2;-0.998806
-806.8;-0.998441
-806.4;-0.998027
-806;-0.997564
-805.6;-0.997053
-805.2;-0.996493
-804.8;-0.995884
-804.4;-0.995227
-804;-0.994522
-803.6;-0.993768
-803.2;-0.992966
-802.8;-0.992115
-802.4;-0.991216
-802;-0.990268
-801.6;-0.989272
-801.2;-0.988228
-800.8;-0.987136
-800.4;-0.985996
-800;-0.984808
-799.6;-0.983571
-799.2;-0.982287
-798.8;-0.980955
-798.4;-0.979575
-798;-0.978148
-797.6;-0.976672
-797.2;-0.975149
-796.8;-0.973579
-796.4;-0.971961
-796;-0.970296
-795.6;-0.968583
-795.2;-0.966823
-794.8;-0.965016
-794.4;-0.963163
-794;-0.961262
-793.6;-0.959314
-793.2;-0.957319
-792.8;-0.955278
-792.4;-0.953191
-792;-0.951057
-791.6;-0.948876
-791.2;-0.946649
-790.8;-0.944376
-790.4;-0.942057
-790;-0.939693
-789.6;-0.937282
-789.2;-0.934826
-788.8;-0.932324
-788.4;-0.929776
-788;-0.927184
-787.6;-0.924546
-787.2;-0.921863
-786.8;-0.919135
-786.4;-0.916363
-786;-0.913545
-785.6;-0.910684
-785.2;-0.907777
-784.8;-0.904827
-784.4;-0.901833
-784;-0.898794
-783.6;-0.895712
-783.2;-0.892586
-782.8;-0.889416
-782.4;-0.886204
-782;-0.882948
-781.6;-0.879649
-781.2;-0.876307
-780.8;-0.872922
-780.4;-0.869495
-780;-0.866025
-779.6;-0.862514
-779.2;-0.85896
-778.8;-0.855364
-778.4;-0.851727
-778;-0.848048
-777.6;-0.844328
-777.2;-0.840567
-776.8;-0.836764
-776.4;-0.832921
-776;-0.829038
-775.6;-0.825113
-775.2;-0.821149
-774.8;-0.817145
-774.4;-0.813101
-774;-0.809017
-773.6;-0.804894
-773.2;-0.800731
-772.8;-0.79653
-772.4;-0.79229
-772;-0.788011
-771.6;-0.783693
-771.2;-0.779338
-770.8;-0.774944
-770.4;-0.770513
-770;-0.766044
-769.6;-0.761538
-769.2;-0.756995
-768.8;-0.752415
-768.4;-0.747798
-768;-0.743145
-767.6;-0.738455
-767.2;-0.73373
-766.8;-0.728969
-766.4;-0.724172
-766;-0.71934
-765.6;-0.714473
-765.2;-0.709571
-764.8;-0.704634
-764.4;-0.699663
-764;-0.694658
-763.6;-0.68962
-763.2;-0.684547
-762.8;-0.679441
-762.4;-0.674302
-762;-0.669131
-761.6;-0.663926
-761.2;-0.658689
-760.8;-0.653421
-760.4;-0.64812
-760;-0.642788
-759.6;-0.637424
-759.2;-0.632029
-758.8;-0.626604
-758.4;-0.621148
-758;-0.615661
-757.6;-0.610145
-757.2;-0.604599
-756.8;-0.599024
-756.4;-0.593419
-756;-0.587785
-755.6;-0.582123
-755.2;-0.576432
-754.8;-0.570714
-754.4;-0.564967
-754;-0.559193
-753.6;-0.553392
-753.2;-0.547563
-752.8;-0.541708
-752.4;-0.535827
-752;-0.529919
-751.6;-0.523986
-751.2;-0.518027
-750.8;-0.512043
-750.4;-0.506034
-750;-0.5
-749.6;-0.493942
-749.2;-0.48786
-748.8;-0.481754
-748.4;-0.475624
-748;-0.469472
-747.6;-0.463296
-747.2;-0.457098
-746.8;-0.450878
-746.4;-0.444635
-746;-0.438371
-745.6;-0.432086
-745.2;-0.425779
-744.8;-0.419452
-744.4;-0.413104
-744;-0.406737
-743.6;-0.400349
-743.2;-0.393942
-742.8;-0.387516
-742.4;-0.38107
-742;-0.374607
-741.6;-0.368125
-741.2;-0.361625
-740.8;-0.355107
-740.4;-0.348572
-740;-0.34202
-739.6;-0.335452
-739.2;-0.328867
-738.8;-0.322266
-738.4;-0.315649
-738;-0.309017
-737.6;-0.30237
-737.2;-0.295708
-736.8;-0.289032
-736.4;-0.282341
-736;-0.275637
-735.6;-0.26892
-735.2;-0.262189
-734.8;-0.255446
-734.4;-0.24869
-734;-0.241922
-733.6;-0.235142
-733.2;-0.228351
-732.8;-0.221548
-732.4;-0.214735
-732;-0.207912
-731.6;-0.201078
-731.2;-0.194234
-730.8;-0.187381
-730.4;-0.180519
-730;-0.173648
-729.6;-0.166769
-729.2;-0.159881
-728.8;-0.152986
-728.4;-0.146083
-728;-0.139173
-727.6;-0.132256
-727.2;-0.125333
-726.8;-0.118404
-726.4;-0.111469
-726;-0.104528
-725.6;-0.0975829
-725.2;-0.0906326
-724.8;-0.0836778
-724.4;-0.076719
-724;-0.0697565
-723.6;-0.0627905
-723.2;-0.0558215
-722.8;-0.0488498
-722.4;-0.0418757
-722;-0.0348995
-721.6;-0.0279216
-721.2;-0.0209424
-720.8;-0.0139622
-720.4;-0.00698126
-720;-3.05044e-13
-719.6;0.00698126
-719.2;0.0139622
-718.8;0.0209424
-718.4;0.0279216
-718;0.0348995
-717.6;0.0418757
-717.2;0.0488498
-716.8;0.0558215
-716.4;0.0627905
-716;0.0697565
-715.6;0.076719
-715.2;0.0836778
-714.8;0.0906326
-714.4;0.0975829
-714;0.104528
-713.6;0.111469
-713.2;0.118404
-712.8;0.125333
-712.4;0.132256
-712;0.139173
-711.6;0.146083
-711.2;0.152986
-710.8;0.159881
-710.4;0.166769
-710;0.173648
-709.6;0.180519
-709.2;0.187381
-708.8;0.194234
-708.4;0.201078
-708;0.207912
-707.6;0.214735
-707.2;0.221548
-706.8;0.228351
-706.4;0.235142
-706;0.241922
-705.6;0.24869
-705.2;0.255446
-704.8;0.262189
-704.4;0.26892
-704;0.275637
-703.6;0.282341
-703.2;0.289032
-702.8;0.295708
-702.4;0.30237
-702;0.309017
-701.6;0.315649
-701.2;0.322266
-700.8;0.328867
-700.4;0.335452
-700;0.34202
-699.6;0.348572
-699.2;0.355107
-698.8;0.361625
-698.4;0.368125
-698;0.374607
-697.6;0.38107
-697.2;0.387516
-696.8;0.393942
-696.4;0.400349
-696;0.406737
-695.6;0.413104
-695.2;0.419452
-694.8;0.425779
-694.4;0.432086
-694;0.438371
-693.6;0.444635
-693.2;0.450878
-692.8;0.457098
-692.4;0.463296
-692;0.469472
-691.6;0.475624
-691.2;0.481754
-690.8;0.48786
-690.4;0.493942
-690;0.5
-689.6;0.506034
-689.2;0.512043
-688.8;0.518027
-688.4;0.523986
-688;0.529919
-687.6;0.535827
-687.2;0.541708
-686.8;0.547563
-686.4;0.553392
-686;0.559193
-685.6;0.564967
-685.2;0.570714
-684.8;0.576432
-684.4;0.582123
-684;0.587785
-683.6;0.593419
-683.2;0.599024
-682.8;0.604599
-682.4;0.610145
-682;0.615661
-681.6;0.621148
-681.2;0.626604
-680.8;0.632029
-680.4;0.637424
-680;0.642788
-679.6;0.64812
-679.2;0.653421
-678.8;0.658689
-678.4;0.663926
-678;0.669131
-677.6;0.674302
-677.2;0.679441
-676.8;0.684547
-676.4;0.68962
-676;0.694658
-675.6;0.699663
-675.2;0.704634
-674.8;0.709571
-674.4;0.714473
-674;0.71934
-673.6;0.724172
-673.2;0.728969
-672.8;0.73373
-672.4;0.738455
-672;0.743145
-671.6;0.747798
-671.2;0.752415
-670.8;0.756995
-670.4;0.761538
-670;0.766044
-669.6;0.770513
-669.2;0.774944
-668.8;0.779338
-668.4;0.783693
-668;0.788011
-667.6;0.79229
-667.2;0.79653
-666.8;0.800731
-666.4;0.804894
-666;0.809017
-665.6;0.813101
-665.2;0.817145
-664.8;0.821149
-664.4;0.825113
-664;0.829038
-663.6;0.832921
-663.2;0.836764
-662.8;0.840567
-662.4;0.844328
-662;0.848048
-661.6;0.851727
-661.2;0.855364
-660.8;0.85896
-660.4;0.862514
-660;0.866025
-659.6;0.869495
-659.2;0.872922
-658.8;0.876307
-658.4;0.879649
-658;0.882948
-657.6;0.886204
-657.2;0.889416
-656.8;0.892586
-656.4;0.895712
-656;0.898794
-655.6;0.901833
-655.2;0.904827
-654.8;0.907777
-654.4;0.910684
-654;0.913545
-653.6;0.916363
-653.2;0.919135
-652.8;0.921863
-652.4;0.924546
-652;0.927184
-651.6;0.929776
-651.2;0.932324
-650.8;0.934826
-650.4;0.937282
-650;0.939693
-649.6;0.942057
-649.2;0.944376
-648.8;0.946649
-648.4;0.948876
-648;0.951057
-647.6;0.953191
-647.2;0.955278
-646.8;0.957319
-646.4;0.959314
-646;0.961262
-645.6;0.963163
-645.2;0.965016
-644.8;0.966823
-644.4;0.968583
-644;0.970296
-643.6;0.971961
-643.2;0.973579
-642.8;0.975149
-642.4;0.976672
-642;0.978148
-641.6;0.979575
-641.2;0.980955
-640.8;0.982287
-640.4;0.983571
-640;0.984808
-639.6;0.985996
-639.2;0.987136
-638.8;0.988228
-638.4;0.989272
-638;0.990268
-637.6;0.991216
-637.2;0.992115
-636.8;0.992966
-636.4;0.993768
-636;0.994522
-635.6;0.995227
-635.2;0.995884
-634.8;0.996493
-634.4;0.997053
-634;0.997564
-633.6;0.998027
-633.2;0.998441
-632.8;0.998806
-632.4;0.999123
-632;0.999391
-631.6;0.99961
-631.2;0.999781
-630.8;0.999903
-630.4;0.999976
-630;1
-629.6;0.999976
-629.2;0.999903
-628.8;0.999781
-628.4;0.99961
-628;0.999391
-627.6;0.999123
-627.2;0.998806
-626.8;0.998441
-626.4;0.998027
-626;0.997564
-625.6;0.997053
-625.2;0.996493
-624.8;0.995884
-624.4;0.995227
-624;0.994522
-623.6;0.993768
-623.2;0.992966
-622.8;0.992115
-622.4;0.991216
-622;0.990268
-621.6;0.989272
-621.2;0.988228
-620.8;0.987136
-620.4;0.985996
-620;0.984808
-619.6;0.983571
-619.2;0.982287
-618.8;0.980955
-618.4;0.979575
-618;0.978148
-617.6;0.976672
-617.2;0.975149
-616.8;0.973579
-616.4;0.971961
-616;0.970296
-615.6;0.968583
-615.2;0.966823
-614.8;0.965016
-614.4;0.963163
-614;0.961262
-613.6;0.959314
-613.2;0.957319
-612.8;0.955278
-612.4;0.953191
-612;0.951057
-611.6;0.948876
-611.2;0.946649
-610.8;0.944376
-610.4;0.942057
-610;0.939693
-609.6;0.937282
-609.2;0.934826
-608.8;0.932324
-608.4;0.929776
-608;0.927184
-607.6;0.924546
-607.2;0.921863
-606.8;0.919135
-606.4;0.916363
-606;0.913545
-605.6;0.910684
-605.2;0.907777
-604.8;0.904827
-604.4;0.901833
-604;0.898794
-603.6;0.895712
-603.2;0.892586
-602.8;0.889416
-602.4;0.886204
-602;0.882948
-601.6;0.879649
-601.2;0.876307
-600.8;0.872922
-600.4;0.869495
-600;0.866025
-599.6;0.862514
-599.2;0.85896
-598.8;0.855364
-598.4;0.851727
-598;0.848048
-597.6;0.844328
-597.2;0.840567
-596.8;0.836764
-596.4;0.832921
-596;0.829038
-595.6;0.825113
-595.2;0.821149
-594.8;0.817145
-594.4;0.813101
-594;0.809017
-593.6;0.804894
-593.2;0.800731
-592.8;0.79653
-592.4;0.79229
-592;0.788011
-591.6;0.783693
-591.2;0.779338
-590.8;0.774944
-590.4;0.770513
-590;0.766044
-589.6;0.761538
-589.2;0.756995
-588.8;0.752415
-588.4;0.747798
-588;0.743145
-587.6;0.738455
-587.2;0.73373
-586.8;0.728969
-586.4;0.724172
-586;0.71934
-585.6;0.714473
-585.2;0.709571
-584.8;0.704634
-584.4;0.699663
-584;0.694658
-583.6;0.68962
-583.2;0.684547
-582.8;0.679441
-582.4;0.674302
-582;0.669131
-581.6;0.663926
-581.2;0.658689
-580.8;0.653421
-580.4;0.64812
-580;0.642788
-579.6;0.637424
-579.2;0.632029
-578.8;0.626604
-578.4;0.621148
-578;0.615661
-577.6;0.610145
-577.2;0.604599
-576.8;0.599024
-576.4;0.593419
-576;0.587785
-575.6;0.582123
-575.2;0.576432
-574.8;0.570714
-574.4;0.564967
-574;0.559193
-573.6;0.553392
-573.2;0.547563
-572.8;0.541708
-572.4;0.535827
-572;0.529919
-571.6;0.523986
-571.2;0.518027
-570.8;0.512043
-570.4;0.506034
-570;0.5
-569.6;0.493942
-569.2;0.48786
-568.8;0.481754
-568.4;0.475624
-568;0.469472
-567.6;0.463296
-567.2;0.457098
-566.8;0.450878
-566.4;0.444635
-566;0.438371
-565.6;0.432086
-565.2;0.425779
-564.8;0.419452
-564.4;0.413104
-564;0.406737
-563.6;0.400349
-563.2;0.393942
-562.8;0.387516
-562.4;0.38107
-562;0.374607
-561.6;0.368125
-561.2;0.361625
-560.8;0.355107
-560.4;0.348572
-560;0.34202
-559.6;0.335452
-559.2;0.328867
-558.8;0.322266
-558.4;0.315649
-558;0.309017
-557.6;0.30237
-557.2;0.295708
-556.8;0.289032
-556.4;0.282341
-556;0.275637
-555.6;0.26892
-555.2;0.262189
-554.8;0.255446
-554.4;0.24869
-554;0.241922
-553.6;0.235142
-553.2;0.228351
-552.8;0.221548
-552.4;0.214735
-552;0.207912
-551.6;0.201078
-551.2;0.194234
-550.8;0.187381
-550.4;0.180519
-550;0.173648
-549.6;0.166769
-549.2;0.159881
-548.8;0.152986
-548.4;0.146083
-548;0.139173
-547.6;0.132256
-547.2;0.125333
-546.8;0.118404
-546.4;0.111469
-546;0.104528
-545.6;0.0975829
-545.2;0.0906326
-544.8;0.0836778
-544.4;0.076719
-544;0.0697565
-543.6;0.0627905
-543.2;0.0558215
-542.8;0.0488498
-542.4;0.0418757
-542;0.0348995
-541.6;0.0279216
-541.2;0.0209424
-540.8;0.0139622
-540.4;0.00698126
-540;5.00565e-13
-539.6;-0.00698126
-539.2;-0.0139622
-538.8;-0.0209424
-538.4;-0.0279216
-538;-0.0348995
-537.6;-0.0418757
-537.2;-0.0488498
-536.8;-0.0558215
-536.4;-0.0627905
-536;-0.0697565
-535.6;-0.076719
-535.2;-0.0836778
-534.8;-0.0906326
-534.4;-0.0975829
-534;-0.104528
-533.6;-0.111469
-533.2;-0.118404
-532.8;-0.125333
-532.4;-0.132256
-532;-0.139173
-531.6;-0.146083
-531.2;-0.152986
-530.8;-0.159881
-530.4;-0.166769
-530;-0.173648
-529.6;-0.180519
-529.2;-0.187381
-528.8;-0.194234
-528.4;-0.201078
-528;-0.207912
-527.6;-0.214735
-527.2;-0.221548
-526.8;-0.228351
-526.4;-0.235142
-526;-0.241922
-525.6;-0.24869
-525.2;-0.255446
-524.8;-0.262189
-524.4;-0.26892
-524;-0.275637
-523.6;-0.282341
-523.2;-0.289032
-522.8;-0.295708
-522.4;-0.30237
-522;-0.309017
-521.6;-0.315649
-521.2;-0.322266
-520.8;-0.328867
-520.4;-0.335452
-520;-0.34202
-519.6;-0.348572
-519.2;-0.355107
-518.8;-0.361625
-518.4;-0.368125
-518;-0.374607
-517.6;-0.38107
-517.2;-0.387516
-516.8;-0.393942
-516.4;-0.400349
-516;-0.406737
-515.6;-0.413104
-515.2;-0.419452
-514.8;-0.425779
-514.4;-0.432086
-514;-0.438371
-513.6;-0.444635
-513.2;-0.450878
-512.8;-0.457098
-512.4;-0.463296
-512;-0.469472
-511.6;-0.475624
-511.2;-0.481754
-510.8;-0.48786
-510.4;-0.493942
-510;-0.5
-509.6;-0.506034
-509.2;-0.512043
-508.8;-0.518027
-508.4;-0.523986
-508;-0.529919
-507.6;-0.535827
-507.2;-0.541708
-506.8;-0.547563
-506.4;-0.553392
-506;-0.559193
-505.6;-0.564967
-505.2;-0.570714
-504.8;-0.576432
-504.4;-0.582123
-504;-0.587785
-503.6;-0.593419
-503.2;-0.599024
-502.8;-0.604599
-502.4;-0.610145
-502;-0.615661
-501.6;-0.621148
-501.2;-0.626604
-500.8;-0.632029
-500.4;-0.637424
-500;-0.642788
-499.6;-0.64812
-499.2;-0.653421
-498.8;-0.658689
-498.4;-0.663926
-498;-0.669131
-497.6;-0.674302
-497.2;-0.679441
-496.8;-0.684547
-496.4;-0.68962
-496;-0.694658
-495.6;-0.699663
-495.2;-0.704634
-494.8;-0.709571
-494.4;-0.714473
-494;-0.71934
-493.6;-0.724172
-493.2;-0.728969
-492.8;-0.73373
-492.4;-0.738455
-492;-0.743145
-491.6;-0.747798
-491.2;-0.752415
-490.8;-0.756995
-490.4;-0.761538
-490;-0.766044
-489.6;-0.770513
-489.2;-0.774944
-488.8;-0.779338
-488.4;-0.783693
-488;-0.788011
-487.6;-0.79229
-487.2;-0.79653
-486.8;-0.800731
-486.4;-0.804894
-486;-0.809017
-485.6;-0.813101
-485.2;-0.817145
-484.8;-0.821149
-484.4;-0.825113
-484;-0.829038
-483.6;-0.832921
-483.2;-0.836764
-482.8;-0.840567
-482.4;-0.844328
-482;-0.848048
-481.6;-0.851727
-481.2;-0.855364
-480.8;-0.85896
-480.4;-0.862514
-480;-0.866025
-479.6;-0.869495
-479.2;-0.872922
-478.8;-0.876307
-478.4;-0.879649
-478;-0.882948
-477.6;-0.886204
-477.2;-0.889416
-476.8;-0.892586
-476.4;-0.895712
-476;-0.898794
-475.6;-0.901833
-475.2;-0.904827
-474.8;-0.907777
-474.4;-0.910684
-474;-0.913545
-473.6;-0.916363
-473.2;-0.919135
-472.8;-0.921863
-472.4;-0.924546
-472;-0.927184
-471.6;-0.929776
-471.2;-0.932324
-470.8;-0.934826
-470.4;-0.937282
-470;-0.939693
-469.6;-0.942057
-469.2;-0.944376
-468.8;-0.946649
-468.4;-0.948876
-468;-0.951057
-467.6;-0.953191
-467.2;-0.955278
-466.8;-0.957319
-466.4;-0.959314
-466;-0.961262
-465.6;-0.963163
-465.2;-0.965016
-464.8;-0.966823
-464.4;-0.968583
-464;-0.970296
-463.6;-0.971961
-463.2;-0.973579
-462.8;-0.975149
-462.4;-0.976672
-462;-0.978148
-461.6;-0.979575
-461.2;-0.980955
-460.8;-0.982287
-460.4;-0.983571
-460;-0.984808
-459.6;-0.985996
-459.2;-0.987136
-458.8;-0.988228
-458.4;-0.989272
-458;-0.990268
-457.6;-0.991216
-457.2;-0.992115
-456.8;-0.992966
-456.4;-0.993768
-456;-0.994522
-455.6;-0.995227
-455.2;-0.995884
-454.8;-0.996493
-454.4;-0.997053
-454;-0.997564
-453.6;-0.998027
-453.2;-0.998441
-452.8;-0.998806
-452.4;-0.999123
-452;-0.999391
-451.6;-0.99961
-451.2;-0.999781
-450.8;-0.999903
-450.4;-0.999976
-450;-1
-449.6;-0.999976
-449.2;-0.999903
-448.8;-0.999781
-448.4;-0.99961
-448;-0.999391
-447.6;-0.999123
-447.2;-0.998806
-446.8;-0.998441
-446.4;-0.998027
-446;-0.997564
-445.6;-0.997053
-445.2;-0.996493
-444.8;-0.995884
-444.4;-0.995227
-444;-0.994522
-443.6;-0.993768
-443.2;-0.992966
-442.8;-0.992115
-442.4;-0.991216
-442;-0.990268
-441.6;-0.989272
-441.2;-0.988228
-440.8;-0.987136
-440.4;-0.985996
-440;-0.984808
-439.6;-0.983571
-439.2;-0.982287
-438.8;-0.980955
-438.4;-0.979575
-438;-0.978148
-437.6;-0.976672
-437.2;-0.975149
-436.8;-0.973579
-436.4;-0.971961
-436;-0.970296
-435.6;-0.968583
-435.2;-0.966823
-434.8;-0.965016
-434.4;-0.963163
-434;-0.961262
-433.6;-0.959314
-433.2;-0.957319
-432.8;-0.955278
-432.4;-0.953191
-432;-0.951057
-431.6;-0.948876
-431.2;-0.946649
-430.8;-0.944376
-430.4;-0.942057
-430;-0.939693
-429.6;-0.937282
-429.2;-0.934826
-428.8;-0.932324
-428.4;-0.929776
-428;-0.927184
-427.6;-0.924546
-427.2;-0.921863
-426.8;-0.919135
-426.4;-0.916363
-426;-0.913545
-425.6;-0.910684
-425.2;-0.907777
-424.8;-0.904827
-424.4;-0.901833
-424;-0.898794
-423.6;-0.895712
-423.2;-0.892586
-422.8;-0.889416
-422.4;-0.886204
-422;-0.882948
-421.6;-0.879649
-421.2;-0.876307
-420.8;-0.872922
-420.4;-0.869495
-420;-0.866025
-419.6;-0.862514
-419.2;-0.85896
-418.8;-0.855364
-418.4;-0.851727
-418;-0.848048
-417.6;-0.844328
-417.2;-0.840567
-416.8;-0.836764
-416.4;-0.832921
-416;-0.829038
-415.6;-0.825113
-415.2;-0.821149
-414.8;-0.817145
-414.4;-0.813101
-414;-0.809017
-413.6;-0.804894
-413.2;-0.800731
-412.8;-0.79653
-412.4;-0.79229
-412;-0.788011
-411.6;-0.783693
-411.2;-0.779338
-410.8;-0.774944
-410.4;-0.770513
-410;-0.766044
-409.6;-0.761538
-409.2;-0.756995
-408.8;-0.752415
-408.4;-0.747798
-408;-0.743145
-407.6;-0.738455
-407.2;-0.73373
-406.8;-0.728969
-406.4;-0.724172
-406;-0.71934
-405.6;-0.714473
-405.2;-0.709571
-404.8;-0.704634
-404.4;-0.699663
-404;-0.694658
-403.6;-0.68962
-403.2;-0.684547
-402.8;-0.679441
-402.4;-0.674302
-402;-0.669131
-401.6;-0.663926
-401.2;-0.658689
-400.8;-0.653421
-400.4;-0.64812
-400;-0.642788
-399.6;-0.637424
-399.2;-0.632029
-398.8;-0.626604
-398.4;-0.621148
-398;-0.615661
-397.6;-0.610145
-397.2;-0.604599
-396.8;-0.599024
-396.4;-0.593419
-396;-0.587785
-395.6;-0.582123
-395.2;-0.576432
-394.8;-0.570714
-394.4;-0.564967
-394;-0.559193
-393.6;-0.553392
-393.2;-0.547563
-392.8;-0.541708
-392.4;-0.535827
-392;-0.529919
-391.6;-0.523986
-391.2;-0.518027
-390.8;-0.512043
-390.4;-0.506034
-390;-0.5
-389.6;-0.493942
-389.2;-0.48786
-388.8;-0.481754
-388.4;-0.475624
-388;-0.469472
-387.6;-0.463296
-387.2;-0.457098
-386.8;-0.450878
-386.4;-0.444635
-386;-0.438371
-385.6;-0.432086
-385.2;-0.425779
-384.8;-0.419452
-384.4;-0.413104
-384;-0.406737
-383.6;-0.400349
-383.2;-0.393942
-382.8;-0.387516
-382.4;-0.38107
-382;-0.374607
-381.6;-0.368125
-381.2;-0.361625
-380.8;-0.355107
-380.4;-0.348572
-380;-0.34202
-379.6;-0.335452
-379.2;-0.328867
-378.8;-0.322266
-378.4;-0.315649
-378;-0.309017
-377.6;-0.30237
-377.2;-0.295708
-376.8;-0.289032
-376.4;-0.282341
-376;-0.275637
-375.6;-0.26892
-375.2;-0.262189
-374.8;-0.255446
-374.4;-0.24869
-374;-0.241922
-373.6;-0.235142
-373.2;-0.228351
-372.8;-0.221548
-372.4;-0.214735
-372;-0.207912
-371.6;-0.201078
-371.2;-0.194234
-370.8;-0.187381
-370.4;-0.180519
-370;-0.173648
-369.6;-0.166769
-369.2;-0.159881
-368.8;-0.152986
-368.4;-0.146083
-368;-0.139173
-367.6;-0.132256
-367.2;-0.125333
-366.8;-0.118404
-366.4;-0.111469
-366;-0.104528
-365.6;-0.0975829
-365.2;-0.0906326
-364.8;-0.0836778
-364.4;-0.076719
-364;-0.0697565
-363.6;-0.0627905
-363.2;-0.0558215
-362.8;-0.0488498
-362.4;-0.0418757
-362;-0.0348995
-361.6;-0.0279216
-361.2;-0.0209424
-360.8;-0.0139622
-360.4;-0.00698126
-360;-6.96087e-13
-359.6;0.00698126
-359.2;0.0139622
-358.8;0.0209424
-358.4;0.0279216
-358;0.0348995
-357.6;0.0418757
-357.2;0.0488498
-356.8;0.0558215
-356.4;0.0627905
-356;0.0697565
-355.6;0.076719
-355.2;0.0836778
-354.8;0.0906326
-354.4;0.0975829
-354;0.104528
-353.6;0.111469
-353.2;0.118404
-352.8;0.125333
-352.4;0.132256
-352;0.139173
-351.6;0.146083
-351.2;0.152986
-350.8;0.159881
-350.4;0.166769
-350;0.173648
-349.6;0.180519
-349.2;0.187381
-348.8;0.194234
-348.4;0.201078
-348;0.207912
-347.6;0.214735
-347.2;0.221548
-346.8;0.228351
-346.4;0.235142
-346;0.241922
-345.6;0.24869
-345.2;0.255446
-344.8;0.262189
-344.4;0.26892
-344;0.275637
-343.6;0.282341
-343.2;0.289032
-342.8;0.295708
-342.4;0.30237
-342;0.309017
-341.6;0.315649
-341.2;0.322266
-340.8;0.328867
-340.4;0.335452
-340;0.34202
-339.6;0.348572
-339.2;0.355107
-338.8;0.361625
-338.4;0.368125
-338;0.374607
-337.6;0.38107
-337.2;0.387516
-336.8;0.393942
-336.4;0.400349
-336;0.406737
-335.6;0.413104
-335.2;0.419452
-334.8;0.425779
-334.4;0.432086
-334;0.438371
-333.6;0.444635
-333.2;0.450878
-332.8;0.457098
-332.4;0.463296
-332;0.469472
-331.6;0.475624
-331.2;0.481754
-330.8;0.48786
-330.4;0.493942
-330;0.5
-329.6;0.506034
-329.2;0.512043
-328.8;0.518027
-328.4;0.523986
-328;0.529919
-327.6;0.535827
-327.2;0.541708
-326.8;0.547563
-326.4;0.553392
-326;0.559193
-325.6;0.564967
-325.2;0.570714
-324.8;0.576432
-324.4;0.582123
-324;0.587785
-323.6;0.593419
-323.2;0.599024
-322.8;0.604599
-322.4;0.610145
-322;0.615661
-321.6;0.621148
-321.2;0.626604
-320.8;0.632029
-320.4;0.637424
-320;0.642788
-319.6;0.64812
-319.2;0.653421
-318.8;0.658689
-318.4;0.663926
-318;0.669131
-317.6;0.674302
-317.2;0.679441
-316.8;0.684547
-316.4;0.68962
-316;0.694658
-315.6;0.699663
-315.2;0.704634
-314.8;0.709571
-314.4;0.714473
-314;0.71934
-313.6;0.724172
-313.2;0.728969
-312.8;0.73373
-312.4;0.738455
-312;0.743145
-311.6;0.747798
-311.2;0.752415
-310.8;0.756995
-310.4;0.761538
-310;0.766044
-309.6;0.770513
-309.2;0.774944
-308.8;0.779338
-308.4;0.783693
-308;0.788011
-307.6;0.79229
-307.2;0.79653
-306.8;0.800731
-306.4;0.804894
-306;0.809017
-305.6;0.813101
-305.2;0.817145
-304.8;0.821149
-304.4;0.825113
-304;0.829038
-303.6;0.832921
-303.2;0.836764
-302.8;0.840567
-302.4;0.844328
-302;0.848048
-301.6;0.851727
-301.2;0.855364
-300.8;0.85896
-300.4;0.862514
-300;0.866025
-299.6;0.869495
-299.2;0.872922
-298.8;0.876307
-298.4;0.879649
-298;0.882948
-297.6;0.886204
-297.2;0.889416
-296.8;0.892586
-296.4;0.895712
-296;0.898794
-295.6;0.901833
-295.2;0.904827
-294.8;0.907777
-294.4;0.910684
-294;0.913545
-293.6;0.916363
-293.2;0.919135
-292.8;0.921863
-292.4;0.924546
-292;0.927184
-291.6;0.929776
-291.2;0.932324
-290.8;0.934826
-290.4;0.937282
-290;0.939693
-289.6;0.942057
-289.2;0.944376
-288.8;0.946649
-288.4;0.948876
-288;0.951057
-287.6;0.953191
-287.2;0.955278
-286.8;0.957319
-286.4;0.959314
-286;0.961262
-285.6;0.963163
-285.2;0.965016
-284.8;0.966823
-284.4;0.968583
-284;0.970296
-283.6;0.971961
-283.2;0.973579
-282.8;0.975149
-282.4;0.976672
-282;0.978148
-281.6;0.979575
-281.2;0.980955
-280.8;0.982287
-280.4;0.983571
-280;0.984808
-279.6;0.985996
-279.2;0.987136
-278.8;0.988228
-278.4;0.989272
-278;0.990268
-277.6;0.991216
-277.2;0.992115
-276.8;0.992966
-276.4;0.993768
-276;0.994522
-275.6;0.995227
-275.2;0.995884
-274.8;0.996493
-274.4;0.997053
-274;0.997564
-273.6;0.998027
-273.2;0.998441
-272.8;0.998806
-272.4;0.999123
-272;0.999391
-271.6;0.99961
-271.2;0.999781
-270.8;0.999903
-270.4;0.999976
-270;1
-269.6;0.999976
-269.2;0.999903
-268.8;0.999781
-268.4;0.99961
-268;0.999391
-267.6;0.999123
-267.2;0.998806
-266.8;0.998441
-266.4;0.998027
-266;0.997564
-265.6;0.997053
-265.2;0.996493
-264.8;0.995884
-264.4;0.995227
-264;0.994522
-263.6;0.993768
-263.2;0.992966
-262.8;0.992115
-262.4;0.991216
-262;0.990268
-261.6;0.989272
-261.2;0.988228
-260.8;0.987136
-260.4;0.985996
-260;0.984808
-259.6;0.983571
-259.2;0.982287
-258.8;0.980955
-258.4;0.979575
-258;0.978148
-257.6;0.976672
-257.2;0.975149
-256.8;0.973579
-256.4;0.971961
-256;0.970296
-255.6;0.968583
-255.2;0.966823
-254.8;0.965016
-254.4;0.963163
-254;0.961262
-253.6;0.959314
-253.2;0.957319
-252.8;0.955278
-252.4;0.953191
-252;0.951057
-251.6;0.948876
-251.2;0.946649
-250.8;0.944376
-250.4;0.942057
-250;0.939693
-249.6;0.937282
-249.2;0.934826
-248.8;0.932324
-248.4;0.929776
-248;0.927184
-247.6;0.924546
-247.2;0.921863
-246.8;0.919135
-246.4;0.916363
-246;0.913545
-245.6;0.910684
-245.2;0.907777
-244.8;0.904827
-244.4;0.901833
-244;0.898794
-243.6;0.895712
-243.2;0.892586
-242.8;0.889416
-242.4;0.886204
-242;0.882948
-241.6;0.879649
-241.2;0.876307
-240.8;0.872922
-240.4;0.869495
-240;0.866025
-239.6;0.862514
-239.2;0.85896
-238.8;0.855364
-238.4;0.851727
-238;0.848048
-237.6;0.844328
-237.2;0.840567
-236.8;0.836764
-236.4;0.832921
-236;0.829038
-235.6;0.825113
-235.2;0.821149
-234.8;0.817145
-234.4;0.813101
-234;0.809017
-233.6;0.804894
-233.2;0.800731
-232.8;0.79653
-232.4;0.79229
-232;0.788011
-231.6;0.783693
-231.2;0.779338
-230.8;0.774944
-230.4;0.770513
-230;0.766044
-229.6;0.761538
-229.2;0.756995
-228.8;0.752415
-228.4;0.747798
-228;0.743145
-227.6;0.738455
-227.2;0.73373
-226.8;0.728969
-226.4;0.724172
-226;0.71934
-225.6;0.714473
-225.2;0.709571
-224.8;0.704634
-224.4;0.699663
-224;0.694658
-223.6;0.68962
-223.2;0.684547
-222.8;0.679441
-222.4;0.674302
-222;0.669131
-221.6;0.663926
-221.2;0.658689
-220.8;0.653421
-220.4;0.64812
-220;0.642788
-219.6;0.637424
-219.2;0.632029
-218.8;0.626604
-218.4;0.621148
-218;0.615661
-217.6;0.610145
-217.2;0.604599
-216.8;0.599024
-216.4;0.593419
-216;0.587785
-215.6;0.582123
-215.2;0.576432
-214.8;0.570714
-214.4;0.564967
-214;0.559193
-213.6;0.553392
-213.2;0.547563
-212.8;0.541708
-212.4;0.535827
-212;0.529919
-211.6;0.523986
-211.2;0.518027
-210.8;0.512043
-210.4;0.506034
-210;0.5
-209.6;0.493942
-209.2;0.48786
-208.8;0.481754
-208.4;0.475624
-208;0.469472
-207.6;0.463296
-207.2;0.457098
-206.8;0.450878
-206.4;0.444635
-206;0.438371
-205.6;0.432086
-205.2;0.425779
-204.8;0.419452
-204.4;0.413104
-204;0.406737
-203.6;0.400349
-203.2;0.393942
-202.8;0.387516
-202.4;0.38107
-202;0.374607
-201.6;0.368125
-201.2;0.361625
-200.8;0.355107
-200.4;0.348572
-200;0.34202
-199.6;0.335452
-199.2;0.328867
-198.8;0.322266
-198.4;0.315649
-198;0.309017
-197.6;0.30237
-197.2;0.295708
-196.8;0.289032
-196.4;0.282341
-196;0.275637
-195.6;0.26892
-195.2;0.262189
-194.8;0.255446
-194.4;0.24869
-194;0.241922
-193.6;0.235142
-193.2;0.228351
-192.8;0.221548
-192.4;0.214735
-192;0.207912
-191.6;0.201078
-191.2;0.194234
-190.8;0.187381
-190.4;0.180519
-190;0.173648
-189.6;0.166769
-189.2;0.159881
-188.8;0.152986
-188.4;0.146083
-188;0.139173
-187.6;0.132256
-187.2;0.125333
-186.8;0.118404
-186.4;0.111469
-186;0.104528
-185.6;0.0975829
-185.2;0.0906326
-184.8;0.0836778
-184.4;0.076719
-184;0.0697565
-183.6;0.0627905
-183.2;0.0558215
-182.8;0.0488498
-182.4;0.0418757
-182;0.0348995
-181.6;0.0279216
-181.2;0.0209424
-180.8;0.0139622
-180.4;0.00698126
-180;8.36986e-13
-179.6;-0.00698126
-179.2;-0.0139622
-178.8;-0.0209424
-178.4;-0.0279216
-178;-0.0348995
-177.6;-0.0418757
-177.2;-0.0488498
-176.8;-0.0558215
-176.4;-0.0627905
-176;-0.0697565
-175.6;-0.076719
-175.2;-0.0836778
-174.8;-0.0906326
-174.4;-0.0975829
-174;-0.104528
-173.6;-0.111469
-173.2;-0.118404
-172.8;-0.125333
-172.4;-0.132256
-172;-0.139173
-171.6;-0.146083
-171.2;-0.152986
-170.8;-0.159881
-170.4;-0.166769
-170;-0.173648
-169.6;-0.180519
-169.2;-0.187381
-168.8;-0.194234
-168.4;-0.201078
-168;-0.207912
-167.6;-0.214735
-167.2;-0.221548
-166.8;-0.228351
-166.4;-0.235142
-166;-0.241922
-165.6;-0.24869
-165.2;-0.255446
-164.8;-0.262189
-164.4;-0.26892
-164;-0.275637
-163.6;-0.282341
-163.2;-0.289032
-162.8;-0.295708
-162.4;-0.30237
-162;-0.309017
-161.6;-0.315649
-161.2;-0.322266
-160.8;-0.328867
-160.4;-0.335452
-160;-0.34202
-159.6;-0.348572
-159.2;-0.355107
-158.8;-0.361625
-158.4;-0.368125
-158;-0.374607
-157.6;-0.38107
-157.2;-0.387516
-156.8;-0.393942
-156.4;-0.400349
-156;-0.406737
-155.6;-0.413104
-155.2;-0.419452
-154.8;-0.425779
-154.4;-0.432086
-154;-0.438371
-153.6;-0.444635
-153.2;-0.450878
-152.8;-0.457098
-152.4;-0.463296
-152;-0.469472
-151.6;-0.475624
-151.2;-0.481754
-150.8;-0.48786
-150.4;-0.493942
-150;-0.5
-149.6;-0.506034
-149.2;-0.512043
-148.8;-0.518027
-148.4;-0.523986
-148;-0.529919
-147.6;-0.535827
-147.2;-0.541708
-146.8;-0.547563
-146.4;-0.553392
-146;-0.559193
-145.6;-0.564967
-145.2;-0.570714
-144.8;-0.576432
-144.4;-0.582123
-144;-0.587785
-143.6;-0.593419
-143.2;-0.599024
-142.8;-0.604599
-142.4;-0.610145
-142;-0.615661
-141.6;-0.621148
-141.2;-0.626604
-140.8;-0.632029
-140.4;-0.637424
-140;-0.642788
-139.6;-0.64812
-139.2;-0.653421
-138.8;-0.658689
-138.4;-0.663926
-138;-0.669131
-137.6;-0.674302
-137.2;-0.679441
-136.8;-0.684547
-136.4;-0.68962
-136;-0.694658
-135.6;-0.699663
-135.2;-0.704634
-134.8;-0.709571
-134.4;-0.714473
-134;-0.71934
-133.6;-0.724172
-133.2;-0.728969
-132.8;-0.73373
-132.4;-0.738455
-132;-0.743145
-131.6;-0.747798
-131.2;-0.752415
-130.8;-0.756995
-130.4;-0.761538
-130;-0.766044
-129.6;-0.770513
-129.2;-0.774944
-128.8;-0.779338
-128.4;-0.783693
-128;-0.788011
-127.6;-0.79229
-127.2;-0.79653
-126.8;-0.800731
-126.4;-0.804894
-126;-0.809017
-125.6;-0.813101
-125.2;-0.817145
-124.8;-0.821149
-124.4;-0.825113
-124;-0.829038
-123.6;-0.832921
-123.2;-0.836764
-122.8;-0.840567
-122.4;-0.844328
-122;-0.848048
-121.6;-0.851727
-121.2;-0.855364
-120.8;-0.85896
-120.4;-0.862514
-120;-0.866025
-119.6;-0.869495
-119.2;-0.872922
-118.8;-0.876307
-118.4;-0.879649
-118;-0.882948
-117.6;-0.886204
-117.2;-0.889416
-116.8;-0.892586
-116.4;-0.895712
-116;-0.898794
-115.6;-0.901833
-115.2;-0.904827
-114.8;-0.907777
-114.4;-0.910684
-114;-0.913545
-113.6;-0.916363
-113.2;-0.919135
-112.8;-0.921863
-112.4;-0.924546
-112;-0.927184
-111.6;-0.929776
-111.2;-0.932324
-110.8;-0.934826
-110.4;-0.937282
-110;-0.939693
-109.6;-0.942057
-109.2;-0.944376
-108.8;-0.946649
-108.4;-0.948876
-108;-0.951057
-107.6;-0.953191
-107.2;-0.955278
-106.8;-0.957319
-106.4;-0.959314
-106;-0.961262
-105.6;-0.963163
-105.2;-0.965016
-104.8;-0.966823
-104.4;-0.968583
-104;-0.970296
-103.6;-0.971961
-103.2;-0.973579
-102.8;-0.975149
-102.4;-0.976672
-102;-0.978148
-101.6;-0.979575
-101.2;-0.980955
-100.8;-0.982287
-100.4;-0.983571
-100;-0.984808
-99.6;-0.985996
-99.2;-0.987136
-98.8;-0.988228
-98.4;-0.989272
-98;-0.990268
-97.6;-0.991216
-97.2;-0.992115
-96.8;-0.992966
-96.4;-0.993768
-96;-0.994522
-95.6;-0.995227
-95.2;-0.995884
-94.8;-0.996493
-94.4;-0.997053
-94;-0.997564
-93.6;-0.998027
-93.2;-0.998441
-92.8;-0.998806
-92.4;-0.999123
-92;-0.999391
-91.6;-0.99961
-91.2;-0.999781
-90.8;-0.999903
-90.4;-0.999976
-90;-1
-89.6;-0.999976
-89.2;-0.999903
-88.8;-0.999781
-88.4;-0.99961
-88;-0.999391
-87.6;-0.999123
-87.2;-0.998806
-86.8;-0.998441
-86.4;-0.998027
-86;-0.997564
-85.6;-0.997053
-85.2;-0.996493
-84.8;-0.995884
-84.4;-0.995227
-84;-0.994522
-83.6;-0.993768
-83.2;-0.992966
-82.8;-0.992115
-82.4;-0.991216
-82;-0.990268
-81.6;-0.989272
-81.2;-0.988228
-80.8;-0.987136
-80.4;-0.985996
-80;-0.984808
-79.6;-0.983571
-79.2;-0.982287
-78.8;-0.980955
-78.4;-0.979575
-78;-0.978148
-77.6;-0.976672
-77.2;-0.975149
-76.8;-0.973579
-76.4;-0.971961
-76;-0.970296
-75.6;-0.968583
-75.2;-0.966823
-74.8;-0.965016
-74.4;-0.963163
-74;-0.961262
-73.6;-0.959314
-73.2;-0.957319
-72.8;-0.955278
-72.4;-0.953191
-72;-0.951057
-71.6;-0.948876
-71.2;-0.946649
-70.8;-0.944376
-70.4;-0.942057
-70;-0.939693
-69.6;-0.937282
-69.2;-0.934826
-68.8;-0.932324
-68.4;-0.929776
-68;-0.927184
-67.6;-0.924546
-67.2;-0.921863
-66.8;-0.919135
-66.4;-0.916363
-66;-0.913545
-65.6;-0.910684
-65.2;-0.907777
-64.8;-0.904827
-64.4;-0.901833
-64;-0.898794
-63.6;-0.895712
-63.2;-0.892586
-62.8;-0.889416
-62.4;-0.886204
-62;-0.882948
-61.6;-0.879649
-61.2;-0.876307
-60.8;-0.872922
-60.4;-0.869495
-60;-0.866025
-59.6;-0.862514
-59.2;-0.85896
-58.8;-0.855364
-58.4;-0.851727
-58;-0.848048
-57.6;-0.844328
-57.2;-0.840567
-56.8;-0.836764
-56.4;-0.832921
-56;-0.829038
-55.6;-0.825113
-55.2;-0.821149
-54.8;-0.817145
-54.4;-0.813101
-54;-0.809017
-53.6;-0.804894
-53.2;-0.800731
-52.8;-0.79653
-52.4;-0.79229
-52;-0.788011
-51.6;-0.783693
-51.2;-0.779338
-50.8;-0.774944
-50.4;-0.770513
-50;-0.766044
-49.6;-0.761538
-49.2;-0.756995
-48.8;-0.752415
-48.4;-0.747798
-48;-0.743145
-47.6;-0.738455
-47.2;-0.73373
-46.8;-0.728969
-46.4;-0.724172
-46;-0.71934
-45.6;-0.714473
-45.2;-0.709571
-44.8;-0.704634
-44.4;-0.699663
-44;-0.694658
-43.6;-0.68962
-43.2;-0.684547
-42.8;-0.679441
-42.4;-0.674302
-42;-0.669131
-41.6;-0.663926
-41.2;-0.658689
-40.8;-0.653421
-40.4;-0.64812
-40;-0.642788
-39.6;-0.637424
-39.2;-0.632029
-38.8;-0.626604
-38.4;-0.621148
-38;-0.615661
-37.6;-0.610145
-37.2;-0.604599
-36.8;-0.599024
-36.4;-0.593419
-36;-0.587785
-35.6;-0.582123
-35.2;-0.576432
-34.8;-0.570714
-34.4;-0.564967
-34;-0.559193
-33.6;-0.553392
-33.2;-0.547563
-32.8;-0.541708
-32.4;-0.535827
-32;-0.529919
-31.6;-0.523986
-31.2;-0.518027
-30.8;-0.512043
-30.4;-0.506034
-30;-0.5
-29.6;-0.493942
-29.2;-0.48786
-28.8;-0.481754
-28.4;-0.475624
-28;-0.469472
-27.6;-0.463296
-27.2;-0.457098
-26.8;-0.450878
-26.4;-0.444635
-26;-0.438371
-25.6;-0.432086
-25.2;-0.425779
-24.8;-0.419452
-24.4;-0.413104
-24;-0.406737
-23.6;-0.400349
-23.2;-0.393942
-22.8;-0.387516
-22.4;-0.38107
-22;-0.374607
-21.6;-0.368125
-21.2;-0.361625
-20.8;-0.355107
-20.4;-0.348572
-20;-0.34202
-19.6;-0.335452
-19.2;-0.328867
-18.8;-0.322266
-18.4;-0.315649
-18;-0.309017
-17.6;-0.30237
-17.2;-0.295708
-16.8;-0.289032
-16.4;-0.282341
-16;-0.275637
-15.6;-0.26892
-15.2;-0.262189
-14.8;-0.255446
-14.4;-0.24869
-14;-0.241922
-13.6;-0.235142
-13.2;-0.228351
-12.8;-0.221548
-12.4;-0.214735
-12;-0.207912
-11.6;-0.201078
-11.2;-0.194234
-10.8;-0.187381
-10.4;-0.180519
-10;-0.173648
-9.6;-0.166769
-9.2;-0.159881
-8.8;-0.152986
-8.4;-0.146083
-8;-0.139173
-7.6;-0.132256
-7.2;-0.125333
-6.8;-0.118404
-6.4;-0.111469
-6;-0.104528
-5.6;-0.0975829
-5.2;-0.0906326
-4.8;-0.0836778
-4.4;-0.076719
-4;-0.0697565
-3.6;-0.0627905
-3.2;-0.0558215
-2.8;-0.0488498
-2.4;-0.0418757
-2;-0.0348995
-1.6;-0.0279216
-1.2;-0.0209424
-0.8;-0.0139622
-0.4;-0.00698126
-4.77198e-11;-8.32868e-13
0.4;0.00698126
0.8;0.0139622
1.2;0.0209424
1.6;0.0279216
2;0.0348995
2.4;0.0418757
2.8;0.0488498
3.2;0.0558215
3.6;0.0627905
4;0.0697565
4.4;0.076719
4.8;0.0836778
5.2;0.0906326
5.6;0.0975829
6;0.104528
6.4;0.111469
6.8;0.118404
7.2;0.125333
7.6;0.132256
8;0.139173
8.4;0.146083
8.8;0.152986
9.2;0.159881
9.6;0.166769
10;0.173648
10.4;0.180519
10.8;0.187381
11.2;0.194234
11.6;0.201078
12;0.207912
12.4;0.214735
12.8;0.221548
13.2;0.228351
13.6;0.235142
14;0.241922
14.4;0.24869
14.8;0.255446
15.2;0.262189
15.6;0.26892
16;0.275637
16.4;0.282341
16.8;0.289032
17.2;0.295708
17.6;0.30237
18;0.309017
18.4;0.315649
18.8;0.322266
19.2;0.328867
19.6;0.335452
20;0.34202
20.4;0.348572
20.8;0.355107
21.2;0.361625
21.6;0.368125
22;0.374607
22.4;0.38107
22.8;0.387516
23.2;0.393942
23.6;0.400349
24;0.406737
24.4;0.413104
24.8;0.419452
25.2;0.425779
25.6;0.432086
26;0.438371
26.4;0.444635
26.8;0.450878
27.2;0.457098
27.6;0.463296
28;0.469472
28.4;0.475624
28.8;0.481754
29.2;0.48786
29.6;0.493942
30;0.5
30.4;0.506034
30.8;0.512043
31.2;0.518027
31.6;0.523986
32;0.529919
32.4;0.535827
32.8;0.541708
33.2;0.547563
33.6;0.553392
34;0.559193
34.4;0.564967
34.8;0.570714
35.2;0.576432
35.6;0.582123
36;0.587785
36.4;0.593419
36.8;0.599024
37.2;0.604599
37.6;0.610145
38;0.615661
38.4;0.621148
38.8;0.626604
39.2;0.632029
39.6;0.637424
40;0.642788
40.4;0.64812
40.8;0.653421
41.2;0.658689
41.6;0.663926
42;0.669131
42.4;0.674302
42.8;0.679441
43.2;0.684547
43.6;0.68962
44;0.694658
44.4;0.699663
44.8;0.704634
45.2;0.709571
45.6;0.714473
46;0.71934
46.4;0.724172
46.8;0.728969
47.2;0.73373
47.6;0.738455
48;0.743145
48.4;0.747798
48.8;0.752415
49.2;0.756995
49.6;0.761538
50;0.766044
50.4;0.770513
50.8;0.774944
51.2;0.779338
51.6;0.783693
52;0.788011
52.4;0.79229
52.8;0.79653
53.2;0.800731
53.6;0.804894
54;0.809017
54.4;0.813101
54.8;0.817145
55.2;0.821149
55.6;0.825113
56;0.829038
56.4;0.832921
56.8;0.836764
57.2;0.840567
57.6;0.844328
58;0.848048
58.4;0.851727
58.8;0.855364
59.2;0.85896
59.6;0.862514
60;0.866025
60.4;0.869495
60.8;0.872922
61.2;0.876307
61.6;0.879649
62;0.882948
62.4;0.886204
62.8;0.889416
63.2;0.892586
63.6;0.895712
64;0.898794
64.4;0.901833
64.8;0.904827
65.2;0.907777
65.6;0.910684
66;0.913545
66.4;0.916363
66.8;0.919135
67.2;0.921863
67.6;0.924546
68;0.927184
68.4;0.929776
68.8;0.932324
69.2;0.934826
69.6;0.937282
70;0.939693
70.4;0.942057
70.8;0.944376
71.2;0.946649
71.6;0.948876
72;0.951057
72.4;0.953191
72.8;0.955278
73.2;0.957319
73.6;0.959314
74;0.961262
74.4;0.963163
74.8;0.965016
75.2;0.966823
75.6;0.968583
76;0.970296
76.4;0.971961
76.8;0.973579
77.2;0.975149
77.6;0.976672
78;0.978148
78.4;0.979575
78.8;0.980955
79.2;0.982287
79.6;0.983571
80;0.984808
80.4;0.985996
80.8;0.987136
81.2;0.988228
81.6;0.989272
82;0.990268
82.4;0.991216
82.8;0.992115
83.2;0.992966
83.6;0.993768
84;0.994522
84.4;0.995227
84.8;0.995884
85.2;0.996493
85.6;0.997053
86;0.997564
86.4;0.998027
86.8;0.998441
87.2;0.998806
87.6;0.999123
88;0.999391
88.4;0.99961
88.8;0.999781
89.2;0.999903
89.6;0.999976
90;1
90.4;0.999976
90.8;0.999903
91.2;0.999781
91.6;0.99961
92;0.999391
92.4;0.999123
92.8;0.998806
93.2;0.998441
93.6;0.998027
94;0.997564
94.4;0.997053
94.8;0.996493
95.2;0.995884
95.6;0.995227
96;0.994522
96.4;0.993768
96.8;0.992966
97.2;0.992115
97.6;0.991216
98;0.990268
98.4;0.989272
98.8;0.988228
99.2;0.987136
99.6;0.985996
100;0.984808
100.4;0.983571
100.8;0.982287
101.2;0.980955
101.6;0.979575
102;0.978148
102.4;0.976672
102.8;0.975149
103.2;0.973579
103.6;0.971961
104;0.970296
104.4;0.968583
104.8;0.966823
105.2;0.965016
105.6;0.963163
106;0.961262
106.4;0.959314
106.8;0.957319
107.2;0.955278
107.6;0.953191
108;0.951057
108.4;0.948876
108.8;0.946649
109.2;0.944376
109.6;0.942057
110;0.939693
110.4;0.937282
110.8;0.934826
111.2;0.932324
111.6;0.929776
112;0.927184
112.4;0.924546
112.8;0.921863
113.2;0.919135
113.6;0.916363
114;0.913545
114.4;0.910684
114.8;0.907777
115.2;0.904827
115.6;0.901833
116;0.898794
116.4;0.895712
116.8;0.892586
117.2;0.889416
117.6;0.886204
118;0.882948
118.4;0.879649
118.8;0.876307
119.2;0.872922
119.6;0.869495
120;0.866025
120.4;0.862514
120.8;0.85896
121.2;0.855364
121.6;0.851727
122;0.848048
122.4;0.844328
122.8;0.840567
123.2;0.836764
123.6;0.832921
124;0.829038
124.4;0.825113
124.8;0.821149
125.2;0.817145
125.6;0.813101
126;0.809017
126.4;0.804894
126.8;0.800731
127.2;0.79653
127.6;0.79229
128;0.788011
128.4;0.783693
128.8;0.779338
129.2;0.774944
129.6;0.770513
130;0.766044
130.4;0.761538
130.8;0.756995
131.2;0.752415
131.6;0.747798
132;0.743145
132.4;0.738455
132.8;0.73373
133.2;0.728969
133.6;0.724172
134;0.71934
134.4;0.714473
134.8;0.709571
135.2;0.704634
135.6;0.699663
136;0.694658
136.4;0.68962
136.8;0.684547
137.2;0.679441
137.6;0.674302
138;0.669131
138.4;0.663926
138.8;0.658689
139.2;0.653421
139.6;0.64812
140;0.642788
140.4;0.637424
140.8;0.632029
141.2;0.626604
141.6;0.621148
142;0.615661
142.4;0.610145
142.8;0.604599
143.2;0.599024
143.6;0.593419
144;0.587785
144.4;0.582123
144.8;0.576432
145.2;0.570714
145.6;0.564967
146;0.559193
146.4;0.553392
146.8;0.547563
147.2;0.541708
147.6;0.535827
148;0.529919
148.4;0.523986
148.8;0.518027
149.2;0.512043
149.6;0.506034
150;0.5
150.4;0.493942
150.8;0.48786
151.2;0.481754
151.6;0.475624
152;0.469472
152.4;0.463296
152.8;0.457098
153.2;0.450878
153.6;0.444635
154;0.438371
154.4;0.432086
154.8;0.425779
155.2;0.419452
155.6;0.413104
156;0.406737
156.4;0.400349
156.8;0.393942
157.2;0.387516
157.6;0.38107
158;0.374607
158.4;0.368125
158.8;0.361625
159.2;0.355107
159.6;0.348572
160;0.34202
160.4;0.335452
160.8;0.328867
161.2;0.322266
161.6;0.315649
162;0.309017
162.4;0.30237
162.8;0.295708
163.2;0.289032
163.6;0.282341
164;0.275637
164.4;0.26892
164.8;0.262189
165.2;0.255446
165.6;0.24869
166;0.241922
166.4;0.235142
166.8;0.228351
167.2;0.221548
167.6;0.214735
168;0.207912
168.4;0.201078
168.8;0.194234
169.2;0.187381
169.6;0.180519
170;0.173648
170.4;0.166769
170.8;0.159881
171.2;0.152986
171.6;0.146083
172;0.139173
172.4;0.132256
172.8;0.125333
173.2;0.118404
173.6;0.111469
174;0.104528
174.4;0.0975829
174.8;0.0906326
175.2;0.0836778
175.6;0.076719
176;0.0697565
176.4;0.0627905
176.8;0.0558215
177.2;0.0488498
177.6;0.0418757
178;0.0348995
178.4;0.0279216
178.8;0.0209424
179.2;0.0139622
179.6;0.00698126
180;8.28793e-13
180.4;-0.00698126
180.8;-0.0139622
181.2;-0.0209424
181.6;-0.0279216
182;-0.0348995
182.4;-0.0418757
182.8;-0.0488498
183.2;-0.0558215
183.6;-0.0627905
184;-0.0697565
184.4;-0.076719
184.8;-0.0836778
185.2;-0.0906326
185.6;-0.0975829
186;-0.104528
186.4;-0.111469
186.8;-0.118404
187.2;-0.125333
187.6;-0.132256
188;-0.139173
188.4;-0.146083
188.8;-0.152986
189.2;-0.159881
189.6;-0.166769
190;-0.173648
190.4;-0.180519
190.8;-0.187381
191.2;-0.194234
191.6;-0.201078
192;-0.207912
192.4;-0.214735
192.8;-0.221548
193.2;-0.228351
193.6;-0.235142
194;-0.241922
194.4;-0.24869
194.8;-0.255446
195.2;-0.262189
195.6;-0.26892
196;-0.275637
196.4;-0.282341
196.8;-0.289032
197.2;-0.295708
197.6;-0.30237
198;-0.309017
198.4;-0.315649
198.8;-0.322266
199.2;-0.328867
199.6;-0.335452
200;-0.34202
200.4;-0.348572
200.8;-0.355107
201.2;-0.361625
201.6;-0.368125
202;-0.374607
202.4;-0.38107
202.8;-0.387516
203.2;-0.393942
203.6;-0.400349
204;-0.406737
204.4;-0.413104
204.8;-0.419452
205.2;-0.425779
205.6;-0.432086
206;-0.438371
206.4;-0.444635
206.8;-0.450878
207.2;-0.457098
207.6;-0.463296
208;-0.469472
208.4;-0.475624
208.8;-0.481754
209.2;-0.48786
209.6;-0.493942
210;-0.5
210.4;-0.506034
210.8;-0.512043
211.2;-0.518027
211.6;-0.523986
212;-0.529919
212.4;-0.535827
212.8;-0.541708
213.2;-0.547563
213.6;-0.553392
214;-0.559193
214.4;-0.564967
214.8;-0.570714
215.2;-0.576432
215.6;-0.582123
216;-0.587785
216.4;-0.593419
216.8;-0.599024
217.2;-0.604599
217.6;-0.610145
218;-0.615661
218.4;-0.621148
218.8;-0.626604
219.2;-0.632029
219.6;-0.637424
220;-0.642788
220.4;-0.64812
220.8;-0.653421
221.2;-0.658689
221.6;-0.663926
222;-0.669131
222.4;-0.674302
222.8;-0.679441
223.2;-0.684547
223.6;-0.68962
224;-0.694658
224.4;-0.699663
224.8;-0.704634
225.2;-0.709571
225.6;-0.714473
226;-0.71934
226.4;-0.724172
226.8;-0.728969
227.2;-0.73373
227.6;-0.738455
228;-0.743145
228.4;-0.747798
228.8;-0.752415
229.2;-0.756995
229.6;-0.761538
230;-0.766044
230.4;-0.770513
230.8;-0.774944
231.2;-0.779338
231.6;-0.783693
232;-0.788011
232.4;-0.79229
232.8;-0.79653
233.2;-0.800731
233.6;-0.804894
234;-0.809017
234.4;-0.813101
234.8;-0.817145
235.2;-0.821149
235.6;-0.825113
236;-0.829038
236.4;-0.832921
236.8;-0.836764
237.2;-0.840567
237.6;-0.844328
238;-0.848048
238.4;-0.851727
238.8;-0.855364
239.2;-0.85896
239.6;-0.862514
240;-0.866025
240.4;-0.869495
240.8;-0.872922
241.2;-0.876307
241.6;-0.879649
242;-0.882948
242.4;-0.886204
242.8;-0.889416
243.2;-0.892586
243.6;-0.895712
244;-0.898794
244.4;-0.901833
244.8;-0.904827
245.2;-0.907777
245.6;-0.910684
246;-0.913545
246.4;-0.916363
246.8;-0.919135
247.2;-0.921863
247.6;-0.924546
248;-0.927184
248.4;-0.929776
248.8;-0.932324
249.2;-0.934826
249.6;-0.937282
250;-0.939693
250.4;-0.942057
250.8;-0.944376
251.2;-0.946649
251.6;-0.948876
252;-0.951057
252.4;-0.953191
252.8;-0.955278
253.2;-0.957319
253.6;-0.959314
254;-0.961262
254.4;-0.963163
254.8;-0.965016
255.2;-0.966823
255.6;-0.968583
256;-0.970296
256.4;-0.971961
256.8;-0.973579
257.2;-0.975149
257.6;-0.976672
258;-0.978148
258.4;-0.979575
258.8;-0.980955
259.2;-0.982287
259.6;-0.983571
260;-0.984808
260.4;-0.985996
260.8;-0.987136
261.2;-0.988228
261.6;-0.989272
262;-0.990268
262.4;-0.991216
262.8;-0.992115
263.2;-0.992966
263.6;-0.993768
264;-0.994522
264.4;-0.995227
264.8;-0.995884
265.2;-0.996493
265.6;-0.997053
266;-0.997564
266.4;-0.998027
266.8;-0.998441
267.2;-0.998806
267.6;-0.999123
268;-0.999391
268.4;-0.99961
268.8;-0.999781
269.2;-0.999903
269.6;-0.999976
270;-1
270.4;-0.999976
270.8;-0.999903
271.2;-0.999781
271.6;-0.99961
272;-0.999391
272.4;-0.999123
272.8;-0.998806
273.2;-0.998441
273.6;-0.998027
274;-0.997564
274.4;-0.997053
274.8;-0.996493
275.2;-0.995884
275.6;-0.995227
276;-0.994522
276.4;-0.993768
276.8;-0.992966
277.2;-0.992115
277.6;-0.991216
278;-0.990268
278.4;-0.989272
278.8;-0.988228
279.2;-0.987136
279.6;-0.985996
280;-0.984808
280.4;-0.983571
280.8;-0.982287
281.2;-0.980955
281.6;-0.979575
282;-0.978148
282.4;-0.976672
282.8;-0.975149
283.2;-0.973579
283.6;-0.971961
284;-0.970296
284.4;-0.968583
284.8;-0.966823
285.2;-0.965016
285.6;-0.963163
286;-0.961262
286.4;-0.959314
286.8;-0.957319
287.2;-0.955278
287.6;-0.953191
288;-0.951057
288.4;-0.948876
288.8;-0.946649
289.2;-0.944376
289.6;-0.942057
290;-0.939693
290.4;-0.937282
290.8;-0.934826
291.2;-0.932324
291.6;-0.929776
292;-0.927184
292.4;-0.924546
292.8;-0.921863
293.2;-0.919135
293.6;-0.916363
294;-0.913545
294.4;-0.910684
294.8;-0.907777
295.2;-0.904827
295.6;-0.901833
296;-0.898794
296.4;-0.895712
296.8;-0.892586
297.2;-0.889416
297.6;-0.886204
298;-0.882948
298.4;-0.879649
298.8;-0.876307
299.2;-0.872922
299.6;-0.869495
300;-0.866025
300.4;-0.862514
300.8;-0.85896
301.2;-0.855364
301.6;-0.851727
302;-0.848048
302.4;-0.844328
302.8;-0.840567
303.2;-0.836764
303.6;-0.832921
304;-0.829038
304.4;-0.825113
304.8;-0.821149
305.2;-0.817145
305.6;-0.813101
306;-0.809017
306.4;-0.804894
306.8;-0.800731
307.2;-0.79653
307.6;-0.79229
308;-0.788011
308.4;-0.783693
308.8;-0.779338
309.2;-0.774944
309.6;-0.770513
310;-0.766044
310.4;-0.761538
310.8;-0.756995
311.2;-0.752415
311.6;-0.747798
312;-0.743145
312.4;-0.738455
312.8;-0.73373
313.2;-0.728969
313.6;-0.724172
314;-0.71934
314.4;-0.714473
314.8;-0.709571
315.2;-0.704634
315.6;-0.699663
316;-0.694658
316.4;-0.68962
316.8;-0.684547
317.2;-0.679441
317.6;-0.674302
318;-0.669131
318.4;-0.663926
318.8;-0.658689
319.2;-0.653421
319.6;-0.64812
320;-0.642788
320.4;-0.637424
320.8;-0.632029
321.2;-0.626604
321.6;-0.621148
322;-0.615661
322.4;-0.610145
322.8;-0.604599
323.2;-0.599024
323.6;-0.593419
324;-0.587785
324.4;-0.582123
324.8;-0.576432
325.2;-0.570714
325.6;-0.564967
326;-0.559193
326.4;-0.553392
326.8;-0.547563
327.2;-0.541708
327.6;-0.535827
328;-0.529919
328.4;-0.523986
328.8;-0.518027
329.2;-0.512043
329.6;-0.506034
330;-0.5
330.4;-0.493942
330.8;-0.48786
331.2;-0.481754
331.6;-0.475624
332;-0.469472
332.4;-0.463296
332.8;-0.457098
333.2;-0.450878
333.6;-0.444635
334;-0.438371
334.4;-0.432086
334.8;-0.425779
335.2;-0.419452
335.6;-0.413104
336;-0.406737
336.4;-0.400349
336.8;-0.393942
337.2;-0.387516
337.6;-0.38107
338;-0.374607
338.4;-0.368125
338.8;-0.361625
339.2;-0.355107
339.6;-0.348572
340;-0.34202
340.4;-0.335452
340.8;-0.328867
341.2;-0.322266
341.6;-0.315649
342;-0.309017
342.4;-0.30237
342.8;-0.295708
343.2;-0.289032
343.6;-0.282341
344;-0.275637
344.4;-0.26892
344.8;-0.262189
345.2;-0.255446
345.6;-0.24869
346;-0.241922
346.4;-0.235142
346.8;-0.228351
347.2;-0.221548
347.6;-0.214735
348;-0.207912
348.4;-0.201078
348.8;-0.194234
349.2;-0.187381
349.6;-0.180519
350;-0.173648
350.4;-0.166769
350.8;-0.159881
351.2;-0.152986
351.6;-0.146083
352;-0.139173
352.4;-0.132256
352.8;-0.125333
353.2;-0.118404
353.6;-0.111469
354;-0.104528
354.4;-0.0975829
354.8;-0.0906326
355.2;-0.0836778
355.6;-0.076719
356;-0.0697565
356.4;-0.0627905
356.8;-0.0558215
357.2;-0.0488498
357.6;-0.0418757
358;-0.0348995
358.4;-0.0279216
358.8;-0.0209424
359.2;-0.0139622
359.6;-0.00698126
360;-9.70136e-13
360.4;0.00698126
360.8;0.0139622
361.2;0.0209424
361.6;0.0279216
362;0.0348995
362.4;0.0418757
362.8;0.0488498
363.2;0.0558215
363.6;0.0627905
364;0.0697565
364.4;0.076719
364.8;0.0836778
365.2;0.0906326
365.6;0.0975829
366;0.104528
366.4;0.111469
366.8;0.118404
367.2;0.125333
367.6;0.132256
368;0.139173
368.4;0.146083
368.8;0.152986
369.2;0.159881
369.6;0.166769
370;0.173648
370.4;0.180519
370.8;0.187381
371.2;0.194234
371.6;0.201078
372;0.207912
372.4;0.214735
372.8;0.221548
373.2;0.228351
373.6;0.235142
374;0.241922
374.4;0.24869
374.8;0.255446
375.2;0.262189
375.6;0.26892
376;0.275637
376.4;0.282341
376.8;0.289032
377.2;0.295708
377.6;0.30237
378;0.309017
378.4;0.315649
378.8;0.322266
379.2;0.328867
379.6;0.335452
380;0.34202
380.4;0.348572
380.8;0.355107
381.2;0.361625
381.6;0.368125
382;0.374607
382.4;0.38107
382.8;0.387516
383.2;0.393942
383.6;0.400349
384;0.406737
384.4;0.413104
384.8;0.419452
385.2;0.425779
385.6;0.432086
386;0.438371
386.4;0.444635
386.8;0.450878
387.2;0.457098
387.6;0.463296
388;0.469472
388.4;0.475624
388.8;0.481754
389.2;0.48786
389.6;0.493942
390;0.5
390.4;0.506034
390.8;0.512043
391.2;0.518027
391.6;0.523986
392;0.529919
392.4;0.535827
392.8;0.541708
393.2;0.547563
393.6;0.553392
394;0.559193
394.4;0.564967
394.8;0.570714
395.2;0.576432
395.6;0.582123
396;0.587785
396.4;0.593419
396.8;0.599024
397.2;0.604599
397.6;0.610145
398;0.615661
398.4;0.621148
398.8;0.626604
399.2;0.632029
399.6;0.637424
400;0.642788
400.4;0.64812
400.8;0.653421
401.2;0.658689
401.6;0.663926
402;0.669131
402.4;0.674302
402.8;0.679441
403.2;0.684547
403.6;0.68962
404;0.694658
404.4;0.699663
404.8;0.704634
405.2;0.709571
405.6;0.714473
406;0.71934
406.4;0.724172
406.8;0.728969
407.2;0.73373
407.6;0.738455
408;0.743145
408.4;0.747798
408.8;0.752415
409.2;0.756995
409.6;0.761538
410;0.766044
410.4;0.770513
410.8;0.774944
411.2;0.779338
411.6;0.783693
412;0.788011
412.4;0.79229
412.8;0.79653
413.2;0.800731
413.6;0.804894
414;0.809017
414.4;0.813101
414.8;0.817145
415.2;0.821149
415.6;0.825113
416;0.829038
416.4;0.832921
416.8;0.836764
417.2;0.840567
417.6;0.844328
418;0.848048
418.4;0.851727
418.8;0.855364
419.2;0.85896
419.6;0.862514
420;0.866025
420.4;0.869495
420.8;0.872922
421.2;0.876307
421.6;0.879649
422;0.882948
422.4;0.886204
422.8;0.889416
423.2;0.892586
423.6;0.895712
424;0.898794
424.4;0.901833
424.8;0.904827
425.2;0.907777
425.6;0.910684
426;0.913545
426.4;0.916363
426.8;0.919135
427.2;0.921863
427.6;0.924546
428;0.927184
428.4;0.929776
428.8;0.932324
429.2;0.934826
429.6;0.937282
430;0.939693
430.4;0.942057
430.8;0.944376
431.2;0.946649
431.6;0.948876
432;0.951057
432.4;0.953191
432.8;0.955278
433.2;0.957319
433.6;0.959314
434;0.961262
434.4;0.963163
434.8;0.965016
435.2;0.966823
435.6;0.968583
436;0.970296
436.4;0.971961
436.8;0.973579
437.2;0.975149
437.6;0.976672
438;0.978148
438.4;0.979575
438.8;0.980955
439.2;0.982287
439.6;0.983571
440;0.984808
440.4;0.985996
440.8;0.987136
441.2;0.988228
441.6;0.989272
442;0.990268
442.4;0.991216
442.8;0.992115
443.2;0.992966
443.6;0.993768
444;0.994522
444.4;0.995227
444.8;0.995884
445.2;0.996493
445.6;0.997053
446;0.997564
446.4;0.998027
446.8;0.998441
447.2;0.998806
447.6;0.999123
448;0.999391
448.4;0.99961
448.8;0.999781
449.2;0.999903
449.6;0.999976
450;1
450.4;0.999976
450.8;0.999903
451.2;0.999781
451.6;0.99961
452;0.999391
452.4;0.999123
452.8;0.998806
453.2;0.998441
453.6;0.998027
454;0.997564
454.4;0.997053
454.8;0.996493
455.2;0.995884
455.6;0.995227
456;0.994522
456.4;0.993768
456.8;0.992966
457.2;0.992115
457.6;0.991216
458;0.990268
458.4;0.989272
458.8;0.988228
459.2;0.987136
459.6;0.985996
460;0.984808
460.4;0.983571
460.8;0.982287
461.2;0.980955
461.6;0.979575
462;0.978148
462.4;0.976672
462.8;0.975149
463.2;0.973579
463.6;0.971961
464;0.970296
464.4;0.968583
464.8;0.966823
465.2;0.965016
465.6;0.963163
466;0.961262
466.4;0.959314
466.8;0.957319
467.2;0.955278
467.6;0.953191
468;0.951057
468.4;0.948876
468.8;0.946649
469.2;0.944376
469.6;0.942057
470;0.939693
470.4;0.937282
470.8;0.934826
471.2;0.932324
471.6;0.929776
472;0.927184
472.4;0.924546
472.8;0.921863
473.2;0.919135
473.6;0.916363
474;0.913545
474.4;0.910684
474.8;0.907777
475.2;0.904827
475.6;0.901833
476;0.898794
476.4;0.895712
476.8;0.892586
477.2;0.889416
477.6;0.886204
478;0.882948
478.4;0.879649
478.8;0.876307
479.2;0.872922
479.6;0.869495
480;0.866025
480.4;0.862514
480.8;0.85896
481.2;0.855364
481.6;0.851727
482;0.848048
482.4;0.844328
482.8;0.840567
483.2;0.836764
483.6;0.832921
484;0.829038
484.4;0.825113
484.8;0.821149
485.2;0.817145
485.6;0.813101
486;0.809017
486.4;0.804894
486.8;0.800731
487.2;0.79653
487.6;0.79229
488;0.788011
488.4;0.783693
488.8;0.779338
489.2;0.774944
489.6;0.770513
490;0.766044
490.4;0.761538
490.8;0.756995
491.2;0.752415
491.6;0.747798
492;0.743145
492.4;0.738455
492.8;0.73373
493.2;0.728969
493.6;0.724172
494;0.71934
494.4;0.714473
494.8;0.709571
495.2;0.704634
495.6;0.699663
496;0.694658
496.4;0.68962
496.8;0.684547
497.2;0.679441
497.6;0.674302
498;0.669131
498.4;0.663926
498.8;0.658689
499.2;0.653421
499.6;0.64812
500;0.642788
500.4;0.637424
500.8;0.632029
501.2;0.626604
501.6;0.621148
502;0.615661
502.4;0.610145
502.8;0.604599
503.2;0.599024
503.6;0.593419
504;0.587785
504.4;0.582123
504.8;0.576432
505.2;0.570714
505.6;0.564967
506;0.559193
506.4;0.553392
506.8;0.547563
507.2;0.541708
507.6;0.535827
508;0.529919
508.4;0.523986
508.8;0.518027
509.2;0.512043
509.6;0.506034
510;0.5
510.4;0.493942
510.8;0.48786
511.2;0.481754
511.6;0.475624
512;0.469472
512.4;0.463296
512.8;0.457098
513.2;0.450878
513.6;0.444635
514;0.438371
514.4;0.432086
514.8;0.425779
515.2;0.419452
515.6;0.413104
516;0.406737
516.4;0.400349
516.8;0.393942
517.2;0.387516
517.6;0.38107
518;0.374607
518.4;0.368125
518.8;0.361625
519.2;0.355107
519.6;0.348572
520;0.34202
520.4;0.335452
520.8;0.328867
521.2;0.322266
521.6;0.315649
522;0.309017
522.4;0.30237
522.8;0.295708
523.2;0.289032
523.6;0.282341
524;0.275637
524.4;0.26892
524.8;0.262189
525.2;0.255446
525.6;0.24869
526;0.241922
526.4;0.235142
526.8;0.228351
527.2;0.221548
527.6;0.214735
528;0.207912
528.4;0.201078
528.8;0.194234
529.2;0.187381
529.6;0.180519
530;0.173648
530.4;0.166769
530.8;0.159881
531.2;0.152986
531.6;0.146083
532;0.139173
532.4;0.132256
532.8;0.125333
533.2;0.118404
533.6;0.111469
534;0.104528
534.4;0.0975829
534.8;0.0906326
535.2;0.0836778
535.6;0.076719
536;0.0697565
536.4;0.0627905
536.8;0.0558215
537.2;0.0488498
537.6;0.0418757
538;0.0348995
538.4;0.0279216
538.8;0.0209424
539.2;0.0139622
539.6;0.00698126
540;1.16566e-12
540.4;-0.00698126
540.8;-0.0139622
541.2;-0.0209424
541.6;-0.0279216
542;-0.0348995
542.4;-0.0418757
542.8;-0.0488498
543.2;-0.0558215
543.6;-0.0627905
544;-0.0697565
544.4;-0.076719
544.8;-0.0836778
545.2;-0.0906326
545.6;-0.0975829
546;-0.104528
546.4;-0.111469
546.8;-0.118404
547.2;-0.125333
547.6;-0.132256
548;-0.139173
548.4;-0.146083
548.8;-0.152986
549.2;-0.159881
549.6;-0.166769
550;-0.173648
550.4;-0.180519
550.8;-0.187381
551.2;-0.194234
551.6;-0.201078
552;-0.207912
552.4;-0.214735
552.8;-0.221548
553.2;-0.228351
553.6;-0.235142
554;-0.241922
554.4;-0.24869
554.8;-0.255446
555.2;-0.262189
555.6;-0.26892
556;-0.275637
556.4;-0.282341
556.8;-0.289032
557.2;-0.295708
557.6;-0.30237
558;-0.309017
558.4;-0.315649
558.8;-0.322266
559.2;-0.328867
559.6;-0.335452
560;-0.34202
560.4;-0.348572
560.8;-0.355107
561.2;-0.361625
561.6;-0.368125
562;-0.374607
562.4;-0.38107
562.8;-0.387516
563.2;-0.393942
563.6;-0.400349
564;-0.406737
564.4;-0.413104
564.8;-0.419452
565.2;-0.425779
565.6;-0.432086
566;-0.438371
566.4;-0.444635
566.8;-0.450878
567.2;-0.457098
567.6;-0.463296
568;-0.469472
568.4;-0.475624
568.8;-0.481754
569.2;-0.48786
569.6;-0.493942
570;-0.5
570.4;-0.506034
570.8;-0.512043
571.2;-0.518027
571.6;-0.523986
572;-0.529919
572.4;-0.535827
572.8;-0.541708
573.2;-0.547563
573.6;-0.553392
574;-0.559193
574.4;-0.564967
574.8;-0.570714
575.2;-0.576432
575.6;-0.582123
576;-0.587785
576.4;-0.593419
576.8;-0.599024
577.2;-0.604599
577.6;-0.610145
578;-0.615661
578.4;-0.621148
578.8;-0.626604
579.2;-0.632029
579.6;-0.637424
580;-0.642788
580.4;-0.64812
580.8;-0.653421
581.2;-0.658689
581.6;-0.663926
582;-0.669131
582.4;-0.674302
582.8;-0.679441
583.2;-0.684547
583.6;-0.68962
584;-0.694658
584.4;-0.699663
584.8;-0.704634
585.2;-0.709571
585.6;-0.714473
586;-0.71934
586.4;-0.724172
586.8;-0.728969
587.2;-0.73373
587.6;-0.738455
588;-0.743145
588.4;-0.747798
588.8;-0.752415
589.2;-0.756995
589.6;-0.761538
590;-0.766044
590.4;-0.770513
590.8;-0.774944
591.2;-0.779338
591.6;-0.783693
592;-0.788011
592.4;-0.79229
592.8;-0.79653
593.2;-0.800731
593.6;-0.804894
594;-0.809017
594.4;-0.813101
594.8;-0.817145
595.2;-0.821149
595.6;-0.825113
596;-0.829038
596.4;-0.832921
596.8;-0.836764
597.2;-0.840567
597.6;-0.844328
598;-0.848048
598.4;-0.851727
598.8;-0.855364
599.2;-0.85896
599.6;-0.862514
600;-0.866025
600.4;-0.869495
600.8;-0.872922
601.2;-0.876307
601.6;-0.879649
602;-0.882948
602.4;-0.886204
602.8;-0.889416
603.2;-0.892586
603.6;-0.895712
604;-0.898794
604.4;-0.901833
604.8;-0.904827
605.2;-0.907777
605.6;-0.910684
606;-0.913545
606.4;-0.916363
606.8;-0.919135
607.2;-0.921863
607.6;-0.924546
608;-0.927184
608.4;-0.929776
608.8;-0.932324
609.2;-0.934826
609.6;-0.937282
610;-0.939693
610.4;-0.942057
610.8;-0.944376
611.2;-0.946649
611.6;-0.948876
612;-0.951057
612.4;-0.953191
612.8;-0.955278
613.2;-0.957319
613.6;-0.959314
614;-0.961262
614.4;-0.963163
614.8;-0.965016
615.2;-0.966823
615.6;-0.968583
616;-0.970296
616.4;-0.971961
616.8;-0.973579
617.2;-0.975149
617.6;-0.976672
618;-0.978148
618.4;-0.979575
618.8;-0.980955
619.2;-0.982287
619.6;-0.983571
620;-0.984808
620.4;-0.985996
620.8;-0.987136
621.2;-0.988228
621.6;-0.989272
622;-0.990268
622.4;-0.991216
622.8;-0.992115
623.2;-0.992966
623.6;-0.993768
624;-0.994522
624.4;-0.995227
624.8;-0.995884
625.2;-0.996493
625.6;-0.997053
626;-0.997564
626.4;-0.998027
626.8;-0.998441
627.2;-0.998806
627.6;-0.999123
628;-0.999391
628.4;-0.99961
628.8;-0.999781
629.2;-0.999903
629.6;-0.999976
630;-1
630.4;-0.999976
630.8;-0.999903
631.2;-0.999781
631.6;-0.99961
632;-0.999391
632.4;-0.999123
632.8;-0.998806
633.2;-0.998441
633.6;-0.998027
634;-0.997564
634.4;-0.997053
634.8;-0.996493
635.2;-0.995884
635.6;-0.995227
636;-0.994522
636.4;-0.993768
636.8;-0.992966
637.2;-0.992115
637.6;-0.991216
638;-0.990268
638.4;-0.989272
638.8;-0.988228
639.2;-0.987136
639.6;-0.985996
640;-0.984808
640.4;-0.983571
640.8;-0.982287
641.2;-0.980955
641.6;-0.979575
642;-0.978148
642.4;-0.976672
642.8;-0.975149
643.2;-0.973579
643.6;-0.971961
644;-0.970296
644.4;-0.968583
644.8;-0.966823
645.2;-0.965016
645.6;-0.963163
646;-0.961262
646.4;-0.959314
646.8;-0.957319
647.2;-0.955278
647.6;-0.953191
648;-0.951057
648.4;-0.948876
648.8;-0.946649
649.2;-0.944376
649.6;-0.942057
650;-0.939693
650.4;-0.937282
650.8;-0.934826
651.2;-0.932324
651.6;-0.929776
652;-0.927184
652.4;-0.924546
652.8;-0.921863
653.2;-0.919135
653.6;-0.916363
654;-0.913545
654.4;-0.910684
654.8;-0.907777
655.2;-0.904827
655.6;-0.901833
656;-0.898794
656.4;-0.895712
656.8;-0.892586
657.2;-0.889416
657.6;-0.886204
658;-0.882948
658.4;-0.879649
658.8;-0.876307
659.2;-0.872922
659.6;-0.869495
660;-0.866025
660.4;-0.862514
660.8;-0.85896
661.2;-0.855364
661.6;-0.851727
662;-0.848048
662.4;-0.844328
662.8;-0.840567
663.2;-0.836764
663.6;-0.832921
664;-0.829038
664.4;-0.825113
664.8;-0.821149
665.2;-0.817145
665.6;-0.813101
666;-0.809017
666.4;-0.804894
666.8;-0.800731
667.2;-0.79653
667.6;-0.79229
668;-0.788011
668.4;-0.783693
668.8;-0.779338
669.2;-0.774944
669.6;-0.770513
670;-0.766044
670.4;-0.761538
670.8;-0.756995
671.2;-0.752415
671.6;-0.747798
672;-0.743145
672.4;-0.738455
672.8;-0.73373
673.2;-0.728969
673.6;-0.724172
674;-0.71934
674.4;-0.714473
674.8;-0.709571
675.2;-0.704634
675.6;-0.699663
676;-0.694658
676.4;-0.68962
676.8;-0.684547
677.2;-0.679441
677.6;-0.674302
678;-0.669131
678.4;-0.663926
678.8;-0.658689
679.2;-0.653421
679.6;-0.64812
680;-0.642788
680.4;-0.637424
680.8;-0.632029
681.2;-0.626604
681.6;-0.621148
682;-0.615661
682.4;-0.610145
682.8;-0.604599
683.2;-0.599024
683.6;-0.593419
684;-0.587785
684.4;-0.582123
684.8;-0.576432
685.2;-0.570714
685.6;-0.564967
686;-0.559193
686.4;-0.553392
686.8;-0.547563
687.2;-0.541708
687.6;-0.535827
688;-0.529919
688.4;-0.523986
688.8;-0.518027
689.2;-0.512043
689.6;-0.506034
690;-0.5
690.4;-0.493942
690.8;-0.48786
691.2;-0.481754
691.6;-0.475624
692;-0.469472
692.4;-0.463296
692.8;-0.457098
693.2;-0.450878
693.6;-0.444635
694;-0.438371
694.4;-0.432086
694.8;-0.425779
695.2;-0.419452
695.6;-0.413104
696;-0.406737
696.4;-0.400349
696.8;-0.393942
697.2;-0.387516
697.6;-0.38107
698;-0.374607
698.4;-0.368125
698.8;-0.361625
699.2;-0.355107
699.6;-0.348572
700;-0.34202
700.4;-0.335452
700.8;-0.328867
701.2;-0.322266
701.6;-0.315649
702;-0.309017
702.4;-0.30237
702.8;-0.295708
703.2;-0.289032
703.6;-0.282341
704;-0.275637
704.4;-0.26892
704.8;-0.262189
705.2;-0.255446
705.6;-0.24869
706;-0.241922
706.4;-0.235142
706.8;-0.228351
707.2;-0.221548
707.6;-0.214735
708;-0.207912
708.4;-0.201078
708.8;-0.194234
709.2;-0.187381
709.6;-0.180519
710;-0.173648
710.4;-0.166769
710.8;-0.159881
711.2;-0.152986
711.6;-0.146083
712;-0.139173
712.4;-0.132256
712.8;-0.125333
713.2;-0.118404
713.6;-0.111469
714;-0.104528
714.4;-0.0975829
714.8;-0.0906326
715.2;-0.0836778
715.6;-0.076719
716;-0.0697565
716.4;-0.0627905
716.8;-0.0558215
717.2;-0.0488498
717.6;-0.0418757
718;-0.0348995
718.4;-0.0279216
718.8;-0.0209424
719.2;-0.0139622
719.6;-0.00698126
720;-1.36118e-12
720.4;0.00698126
720.8;0.0139622
721.2;0.0209424
721.6;0.0279216
722;0.0348995
722.4;0.0418757
722.8;0.0488498
723.2;0.0558215
723.6;0.0627905
724;0.0697565
724.4;0.076719
724.8;0.0836778
725.2;0.0906326
725.6;0.0975829
726;0.104528
726.4;0.111469
726.8;0.118404
727.2;0.125333
727.6;0.132256
728;0.139173
728.4;0.146083
728.8;0.152986
729.2;0.159881
729.6;0.166769
730;0.173648
730.4;0.180519
730.8;0.187381
731.2;0.194234
731.6;0.201078
732;0.207912
732.4;0.214735
732.8;0.221548
733.2;0.228351
733.6;0.235142
734;0.241922
734.4;0.24869
734.8;0.255446
735.2;0.262189
735.6;0.26892
736;0.275637
736.4;0.282341
736.8;0.289032
737.2;0.295708
737.6;0.30237
738;0.309017
738.4;0.315649
738.8;0.322266
739.2;0.328867
739.6;0.335452
740;0.34202
740.4;0.348572
740.8;0.355107
741.2;0.361625
741.6;0.368125
742;0.374607
742.4;0.38107
742.8;0.387516
743.2;0.393942
743.6;0.400349
744;0.406737
744.4;0.413104
744.8;0.419452
745.2;0.425779
745.6;0.432086
746;0.438371
746.4;0.444635
746.8;0.450878
747.2;0.457098
747.6;0.463296
748;0.469472
748.4;0.475624
748.8;0.481754
749.2;0.48786
749.6;0.493942
750;0.5
750.4;0.506034
750.8;0.512043
751.2;0.518027
751.6;0.523986
752;0.529919
752.4;0.535827
752.8;0.541708
753.2;0.547563
753.6;0.553392
754;0.559193
754.4;0.564967
754.8;0.570714
755.2;0.576432
755.6;0.582123
756;0.587785
756.4;0.593419
756.8;0.599024
757.2;0.604599
757.6;0.610145
758;0.615661
758.4;0.621148
758.8;0.626604
759.2;0.632029
759.6;0.637424
760;0.642788
760.4;0.64812
760.8;0.653421
761.2;0.658689
761.6;0.663926
762;0.669131
762.4;0.674302
762.8;0.679441
763.2;0.684547
763.6;0.68962
764;0.694658
764.4;0.699663
764.8;0.704634
765.2;0.709571
765.6;0.714473
766;0.71934
766.4;0.724172
766.8;0.728969
767.2;0.73373
767.6;0.738455
768;0.743145
768.4;0.747798
768.8;0.752415
769.2;0.756995
769.6;0.761538
770;0.766044
770.4;0.770513
770.8;0.774944
771.2;0.779338
771.6;0.783693
772;0.788011
772.4;0.79229
772.8;0.79653
773.2;0.800731
773.6;0.804894
774;0.809017
774.4;0.813101
774.8;0.817145
775.2;0.821149
775.6;0.825113
776;0.829038
776.4;0.832921
776.8;0.836764
777.2;0.840567
777.6;0.844328
778;0.848048
778.4;0.851727
778.8;0.855364
779.2;0.85896
779.6;0.862514
780;0.866025
780.4;0.869495
780.8;0.872922
781.2;0.876307
781.6;0.879649
782;0.882948
782.4;0.886204
782.8;0.889416
783.2;0.892586
783.6;0.895712
784;0.898794
784.4;0.901833
784.8;0.904827
785.2;0.907777
785.6;0.910684
786;0.913545
786.4;0.916363
786.8;0.919135
787.2;0.921863
787.6;0.924546
788;0.927184
788.4;0.929776
788.8;0.932324
789.2;0.934826
789.6;0.937282
790;0.939693
790.4;0.942057
790.8;0.944376
791.2;0.946649
791.6;0.948876
792;0.951057
792.4;0.953191
792.8;0.955278
793.2;0.957319
793.6;0.959314
794;0.961262
794.4;0.963163
794.8;0.965016
795.2;0.966823
795.6;0.968583
796;0.970296
796.4;0.971961
796.8;0.973579
797.2;0.975149
797.6;0.976672
798;0.978148
798.4;0.979575
798.8;0.980955
799.2;0.982287
799.6;0.983571
800;0.984808
800.4;0.985996
800.8;0.987136
801.2;0.988228
801.6;0.989272
802;0.990268
802.4;0.991216
802.8;0.992115
803.2;0.992966
803.6;0.993768
804;0.994522
804.4;0.995227
804.8;0.995884
805.2;0.996493
805.6;0.997053
806;0.997564
806.4;0.998027
806.8;0.998441
807.2;0.998806
807.6;0.999123
808;0.999391
808.4;0.99961
808.8;0.999781
809.2;0.999903
809.6;0.999976
810;1
810.4;0.999976
810.8;0.999903
811.2;0.999781
811.6;0.99961
812;0.999391
812.4;0.999123
812.8;0.998806
813.2;0.998441
813.6;0.998027
814;0.997564
814.4;0.997053
814.8;0.996493
815.2;0.995884
815.6;0.995227
816;0.994522
816.4;0.993768
816.8;0.992966
817.2;0.992115
817.6;0.991216
818;0.990268
818.4;0.989272
818.8;0.988228
819.2;0.987136
819.6;0.985996
820;0.984808
820.4;0.983571
820.8;0.982287
821.2;0.980955
821.6;0.979575
822;0.978148
822.4;0.976672
822.8;0.975149
823.2;0.973579
823.6;0.971961
824;0.970296
824.4;0.968583
824.8;0.966823
825.2;0.965016
825.6;0.963163
826;0.961262
826.4;0.959314
826.8;0.957319
827.2;0.955278
827.6;0.953191
828;0.951057
828.4;0.948876
828.8;0.946649
829.2;0.944376
829.6;0.942057
830;0.939693
830.4;0.937282
830.8;0.934826
831.2;0.932324
831.6;0.929776
832;0.927184
832.4;0.924546
832.8;0.921863
833.2;0.919135
833.6;0.916363
834;0.913545
834.4;0.910684
834.8;0.907777
835.2;0.904827
835.6;0.901833
836;0.898794
836.4;0.895712
836.8;0.892586
837.2;0.889416
837.6;0.886204
838;0.882948
838.4;0.879649
838.8;0.876307
839.2;0.872922
839.6;0.869495
840;0.866025
840.4;0.862514
840.8;0.85896
841.2;0.855364
841.6;0.851727
842;0.848048
842.4;0.844328
842.8;0.840567
843.2;0.836764
843.6;0.832921
844;0.829038
844.4;0.825113
844.8;0.821149
845.2;0.817145
845.6;0.813101
846;0.809017
846.4;0.804894
846.8;0.800731
847.2;0.79653
847.6;0.79229
848;0.788011
848.4;0.783693
848.8;0.779338
849.2;0.774944
849.6;0.770513
850;0.766044
850.4;0.761538
850.8;0.756995
851.2;0.752415
851.6;0.747798
852;0.743145
852.4;0.738455
852.8;0.73373
853.2;0.728969
853.6;0.724172
854;0.71934
854.4;0.714473
854.8;0.709571
855.2;0.704634
855.6;0.699663
856;0.694658
856.4;0.68962
856.8;0.684547
857.2;0.679441
857.6;0.674302
858;0.669131
858.4;0.663926
858.8;0.658689
859.2;0.653421
859.6;0.64812
860;0.642788
860.4;0.637424
860.8;0.632029
861.2;0.626604
861.6;0.621148
862;0.615661
862.4;0.610145
862.8;0.604599
863.2;0.599024
863.6;0.593419
864;0.587785
864.4;0.582123
864.8;0.576432
865.2;0.570714
865.6;0.564967
866;0.559193
866.4;0.553392
866.8;0.547563
867.2;0.541708
867.6;0.535827
868;0.529919
868.4;0.523986
868.8;0.518027
869.2;0.512043
869.6;0.506034
870;0.5
870.4;0.493942
870.8;0.48786
871.2;0.481754
871.6;0.475624
872;0.469472
872.4;0.463296
872.8;0.457098
873.2;0.450878
873.6;0.444635
874;0.438371
874.4;0.432086
874.8;0.425779
875.2;0.419452
875.6;0.413104
876;0.406737
876.4;0.400349
876.8;0.393942
877.2;0.387516
877.6;0.38107
878;0.374607
878.4;0.368125
878.8;0.361625
879.2;0.355107
879.6;0.348572
880;0.34202
880.4;0.335452
880.8;0.328867
881.2;0.322266
881.6;0.315649
882;0.309017
882.4;0.30237
882.8;0.295708
883.2;0.289032
883.6;0.282341
884;0.275637
884.4;0.26892
884.8;0.262189
885.2;0.255446
885.6;0.24869
886;0.241922
886.4;0.235142
886.8;0.228351
887.2;0.221548
887.6;0.214735
888;0.207912
888.4;0.201078
888.8;0.194234
889.2;0.187381
889.6;0.180519
890;0.173648
890.4;0.166769
890.8;0.159881
891.2;0.152986
891.6;0.146083
892;0.139173
892.4;0.132256
892.8;0.125333
893.2;0.118404
893.6;0.111469
894;0.104528
894.4;0.0975829
894.8;0.0906326
895.2;0.0836778
895.6;0.076719
896;0.0697565
896.4;0.0627905
896.8;0.0558215
897.2;0.0488498
897.6;0.0418757
898;0.0348995
898.4;0.0279216
898.8;0.0209424
899.2;0.0139622
899.6;0.00698126
900;1.5567e-12
900.4;-0.00698126
900.8;-0.0139622
901.2;-0.0209424
901.6;-0.0279216
902;-0.0348995
902.4;-0.0418757
902.8;-0.0488498
903.2;-0.0558215
903.6;-0.0627905
904;-0.0697565
904.4;-0.076719
904.8;-0.0836778
905.2;-0.0906326
905.6;-0.0975829
906;-0.104528
906.4;-0.111469
906.8;-0.118404
907.2;-0.125333
907.6;-0.132256
908;-0.139173
908.4;-0.146083
908.8;-0.152986
909.2;-0.159881
909.6;-0.166769
910;-0.173648
910.4;-0.180519
910.8;-0.187381
911.2;-0.194234
911.6;-0.201078
912;-0.207912
912.4;-0.214735
912.8;-0.221548
913.2;-0.228351
913.6;-0.235142
914;-0.241922
914.4;-0.24869
914.8;-0.255446
915.2;-0.262189
915.6;-0.26892
916;-0.275637
916.4;-0.282341
916.8;-0.289032
917.2;-0.295708
917.6;-0.30237
918;-0.309017
918.4;-0.315649
918.8;-0.322266
919.2;-0.328867
919.6;-0.335452
920;-0.34202
920.4;-0.348572
920.8;-0.355107
921.2;-0.361625
921.6;-0.368125
922;-0.374607
922.4;-0.38107
922.8;-0.387516
923.2;-0.393942
923.6;-0.400349
924;-0.406737
924.4;-0.413104
924.8;-0.419452
925.2;-0.425779
925.6;-0.432086
926;-0.438371
926.4;-0.444635
926.8;-0.450878
927.2;-0.457098
927.6;-0.463296
928;-0.469472
928.4;-0.475624
928.8;-0.481754
929.2;-0.48786
929.6;-0.493942
930;-0.5
930.4;-0.506034
930.8;-0.512043
931.2;-0.518027
931.6;-0.523986
932;-0.529919
932.4;-0.535827
932.8;-0.541708
933.2;-0.547563
933.6;-0.553392
934;-0.559193
934.4;-0.564967
934.8;-0.570714
935.2;-0.576432
935.6;-0.582123
936;-0.587785
936.4;-0.593419
936.8;-0.599024
937.2;-0.604599
937.6;-0.610145
938;-0.615661
938.4;-0.621148
938.8;-0.626604
939.2;-0.632029
939.6;-0.637424
940;-0.642788
940.4;-0.64812
940.8;-0.653421
941.2;-0.658689
941.6;-0.663926
942;-0.669131
942.4;-0.674302
942.8;-0.679441
943.2;-0.684547
943.6;-0.68962
944;-0.694658
944.4;-0.699663
944.8;-0.704634
945.2;-0.709571
945.6;-0.714473
946;-0.71934
946.4;-0.724172
946.8;-0.728969
947.2;-0.73373
947.6;-0.738455
948;-0.743145
948.4;-0.747798
948.8;-0.752415
949.2;-0.756995
949.6;-0.761538
950;-0.766044
950.4;-0.770513
950.8;-0.774944
951.2;-0.779338
951.6;-0.783693
952;-0.788011
952.4;-0.79229
952.8;-0.79653
953.2;-0.800731
953.6;-0.804894
954;-0.809017
954.4;-0.813101
954.8;-0.817145
955.2;-0.821149
955.6;-0.825113
956;-0.829038
956.4;-0.832921
956.8;-0.836764
957.2;-0.840567
957.6;-0.844328
958;-0.848048
958.4;-0.851727
958.8;-0.855364
959.2;-0.85896
959.6;-0.862514
960;-0.866025
960.4;-0.869495
960.8;-0.872922
961.2;-0.876307
961.6;-0.879649
962;-0.882948
962.4;-0.886204
962.8;-0.889416
963.2;-0.892586
963.6;-0.895712
964;-0.898794
964.4;-0.901833
964.8;-0.904827
965.2;-0.907777
965.6;-0.910684
966;-0.913545
966.4;-0.916363
966.8;-0.919135
967.2;-0.921863
967.6;-0.924546
968;-0.927184
968.4;-0.929776
968.8;-0.932324
969.2;-0.934826
969.6;-0.937282
970;-0.939693
970.4;-0.942057
970.8;-0.944376
971.2;-0.946649
971.6;-0.948876
972;-0.951057
972.4;-0.953191
972.8;-0.955278
973.2;-0.957319
973.6;-0.959314
974;-0.961262
974.4;-0.963163
974.8;-0.965016
975.2;-0.966823
975.6;-0.968583
976;-0.970296
976.4;-0.971961
976.8;-0.973579
977.2;-0.975149
977.6;-0.976672
978;-0.978148
978.4;-0.979575
978.8;-0.980955
979.2;-0.982287
979.6;-0.983571
980;-0.984808
980.4;-0.985996
980.8;-0.987136
981.2;-0.988228
981.6;-0.989272
982;-0.990268
982.4;-0.991216
982.8;-0.992115
983.2;-0.992966
983.6;-0.993768
984;-0.994522
984.4;-0.995227
984.8;-0.995884
985.2;-0.996493
985.6;-0.997053
986;-0.997564
986.4;-0.998027
986.8;-0.998441
987.2;-0.998806
987.6;-0.999123
988;-0.999391
988.4;-0.99961
988.8;-0.999781
989.2;-0.999903
989.6;-0.999976
990;-1
990.4;-0.999976
990.8;-0.999903
991.2;-0.999781
991.6;-0.99961
992;-0.999391
992.4;-0.999123
992.8;-0.998806
993.2;-0.998441
993.6;-0.998027
994;-0.997564
994.4;-0.997053
994.8;-0.996493
995.2;-0.995884
995.6;-0.995227
996;-0.994522
996.4;-0.993768
996.8;-0.992966
997.2;-0.992115
997.6;-0.991216
998;-0.990268
998.4;-0.989272
998.8;-0.988228
999.2;-0.987136
999.6;-0.985996
