#Motor
#A(4) = 0.557692;
#Pu(4) = 0.307385;
20;0
40;0
60;0
80;0
100;1
120;1
140;1
160;1
180;2
200;2
220;2
240;3
260;3
280;4
300;4
320;5
340;5
360;6
380;7
400;7
420;8
440;8
460;9
480;9
500;10
520;11
540;11
560;12
580;12
600;13
620;14
640;14
660;15
680;16
700;16
720;17
740;18
760;19
780;19
800;20
820;21
840;22
860;22
880;23
900;24
920;25
940;25
960;26
980;27
1000;28
1020;29
1040;29
1060;30
1080;31
1100;32
1120;33
1140;34
1160;34
1180;35
1200;36
1220;37
1240;38
1260;39
1280;40
1300;41
1320;42
1340;42
1360;43
1380;44
1400;45
1420;46
1440;47
1460;48
1480;49
1500;50
1520;51
1540;52
1560;53
1580;54
1600;55
1620;56
1640;57
1660;58
1680;59
1700;60
1720;61
1740;62
1760;63
1780;64
1800;65
1820;66
1840;67
1860;68
1880;69
1900;70
1920;72
1940;73
1960;74
1980;75
2000;76
2020;77
2040;78
2060;79
2080;80
2100;81
2120;83
2140;84
2160;85
2180;86
2200;87
2220;88
2240;90
2260;91
2280;92
2300;93
2320;94
2340;96
2360;97
2380;98
2400;99
2420;101
2440;102
2460;103
2480;104
2500;106
2520;107
2540;108
2560;109
2580;110
2600;112
2620;113
2640;114
2660;115
2680;116
2700;118
2720;119
2740;120
2760;121
2780;122
2800;123
2820;124
2840;125
2860;127
2880;128
2900;129
2920;130
2940;131
2960;132
2980;133
3000;134
3020;135
3040;136
3060;137
3080;138
3100;139
3120;140
3140;141
3160;142
3180;143
3200;144
3220;145
3240;146
3260;147
3280;148
3300;149
3320;149
3340;150
3360;151
3380;152
3400;153
3420;154
3440;155
3460;156
3480;156
3500;157
3520;158
3540;159
3560;160
3580;161
3600;162
3620;162
3640;163
3660;164
3680;165
3700;166
3720;167
3740;167
3760;168
3780;169
3800;170
3820;171
3840;172
3860;173
3880;174
3900;174
3920;175
3940;176
3960;177
3980;178
4000;179
4020;180
4040;181
4060;182
4080;183
4100;184
4120;185
4140;186
4160;187
4180;188
4200;189
4220;190
4240;191
4260;192
4280;193
4300;194
4320;195
4340;196
4360;197
4380;199
4400;200
4420;201
4440;202
4460;203
4480;204
4500;206
4520;207
4540;208
4560;209
4580;210
4600;211
4620;213
4640;214
4660;215
4680;216
4700;218
4720;219
4740;220
4760;221
4780;222
4800;224
4820;225
4840;226
4860;227
4880;229
4900;230
4920;231
4940;233
4960;234
4980;235
5000;237
5020;238
5040;239
5060;241
5080;242
5100;243
5120;245
5140;246
5160;247
5180;249
5200;250
5220;252
5240;253
5260;255
5280;256
5300;257
5320;259
5340;260
5360;262
5380;263
5400;264
5420;266
5440;267
5460;269
5480;270
5500;271
5520;273
5540;274
5560;276
5580;277
5600;278
5620;280
5640;281
5660;283
5680;284
5700;286
5720;287
5740;288
5760;290
5780;291
5800;293
5820;294
5840;295
5860;297
5880;298
5900;300
5920;301
5940;302
5960;304
5980;305
6000;307
6020;308
6040;310
6060;311
6080;312
6100;314
6120;315
6140;317
6160;318
6180;320
6200;321
6220;323
6240;324
6260;326
6280;327
6300;329
6320;330
6340;332
6360;333
6380;335
6400;337
6420;338
6440;340
6460;341
6480;343
6500;345
6520;346
6540;348
6560;349
6580;351
6600;353
6620;354
6640;356
6660;358
6680;359
6700;361
6720;363
6740;364
6760;366
6780;368
6800;369
6820;371
6840;373
6860;375
6880;376
6900;378
6920;380
6940;382
6960;383
6980;385
7000;387
7020;389
7040;391
7060;393
7080;395
7100;396
7120;398
7140;400
7160;402
7180;404
7200;406
7220;408
7240;410
7260;412
7280;414
7300;416
7320;418
7340;421
7360;423
7380;425
7400;427
7420;429
7440;431
7460;433
7480;436
7500;438
7520;440
7540;442
7560;445
7580;447
7600;449
7620;451
7640;454
7660;456
7680;458
7700;461
7720;463
7740;465
7760;468
7780;470
7800;472
7820;475
7840;477
7860;480
7880;482
7900;484
7920;487
7940;489
7960;492
7980;494
8000;496
8020;499
8040;501
8060;504
8080;506
8100;508
8120;511
8140;513
8160;515
8180;518
8200;520
8220;522
8240;525
8260;527
8280;529
8300;531
8320;534
8340;536
8360;538
8380;540
8400;542
8420;544
8440;547
8460;549
8480;551
8500;553
8520;555
8540;557
8560;559
8580;561
8600;563
8620;565
8640;567
8660;569
8680;571
8700;573
8720;575
8740;576
8760;578
8780;580
8800;582
8820;584
8840;585
8860;587
8880;588
8900;589
8920;590
8940;591
8960;592
8980;592
9000;592
9020;593
9040;593
9060;593
9080;593
9100;593
9120;593
9140;592
9160;592
9180;591
9200;591
9220;590
9240;589
9260;589
9280;588
9300;587
9320;586
9340;585
9360;584
9380;583
9400;583
9420;581
9440;580
9460;579
9480;579
9500;578
9520;577
9540;577
9560;576
9580;576
9600;576
9620;576
9640;576
9660;576
9680;576
9700;576
9720;577
9740;577
9760;577
9780;578
9800;578
9820;578
9840;579
9860;579
9880;580
9900;580
9920;581
9940;581
9960;581
9980;581
10000;581
10020;581
10040;581
10060;580
10080;580
10100;580
10120;580
10140;580
10160;580
10180;580
10200;580
10220;580
10240;581
10260;581
10280;581
10300;581
10320;581
10340;581
10360;580
10380;580
10400;580
10420;580
10440;580
10460;582
10480;582
10500;582
10520;582
10540;582
10560;581
10580;581
10600;581
10620;580
10640;580
10660;580
10680;580
10700;580
10720;580
10740;580
10760;581
10780;581
10800;581
10820;581
10840;581
10860;581
10880;581
10900;580
10920;580
10940;580
10960;580
10980;580
11000;580
11020;580
11040;580
11060;581
11080;581
11100;581
11120;581
11140;581
11160;581
11180;581
11200;580
11220;580
11240;580
11260;580
11280;580
11300;580
11320;580
11340;580
11360;580
11380;581
11400;581
11420;581
11440;581
11460;581
11480;581
11500;581
11520;580
11540;580
11560;580
11580;580
11600;580
11620;582
11640;582
11660;582
11680;582
11700;582
11720;581
11740;581
11760;581
11780;580
11800;580
11820;580
11840;580
11860;580
11880;581
11900;581
11920;581
11940;581
11960;581
11980;581
12000;580
12020;580
12040;580
12060;580
12080;580
12100;580
12120;580
12140;581
12160;581
12180;581
12200;581
12220;581
12240;581
12260;581
12280;581
12300;580
12320;580
12340;580
12360;580
12380;580
12400;580
12420;580
12440;581
12460;581
12480;581
12500;581
12520;581
12540;581
12560;581
12580;581
12600;580
12620;580
12640;580
12660;580
12680;580
12700;580
12720;580
12740;580
12760;580
12780;581
12800;581
12820;581
12840;581
12860;581
12880;581
12900;581
12920;581
12940;580
12960;580
12980;580
13000;580
13020;580
13040;580
13060;580
13080;580
13100;581
13120;581
13140;581
13160;581
13180;581
13200;581
13220;581
13240;581
13260;580
13280;580
13300;580
13320;580
13340;580
13360;580
13380;580
13400;580
13420;581
13440;581
13460;581
13480;581
13500;581
13520;581
13540;581
13560;581
13580;580
13600;580
13620;580
13640;580
13660;580
13680;580
13700;580
13720;580
13740;580
13760;581
13780;581
13800;581
13820;581
13840;581
13860;581
13880;581
13900;581
13920;580
13940;580
13960;580
13980;580
14000;582
14020;582
14040;582
14060;582
14080;582
14100;581
14120;581
14140;581
14160;581
14180;580
14200;580
14220;580
14240;580
14260;580
14280;580
14300;580
14320;580
14340;581
14360;581
14380;581
14400;581
14420;579
14440;579
14460;579
14480;579
14500;579
14520;580
14540;580
14560;580
14580;580
14600;581
14620;581
14640;581
14660;581
14680;581
14700;581
14720;581
14740;580
14760;580
14780;580
14800;580
14820;580
14840;581
14860;581
14880;581
14900;581
14920;581
14940;581
14960;580
14980;580
15000;580
15020;580
15040;580
15060;580
15080;580
15100;581
15120;581
15140;581
15160;581
15180;581
15200;581
15220;581
15240;580
15260;580
15280;580
15300;580
15320;580
15340;580
15360;580
15380;580
15400;581
15420;581
15440;581
15460;581
15480;581
15500;581
15520;581
15540;581
15560;580
15580;580
15600;580
15620;580
15640;580
15660;580
15680;580
15700;580
15720;581
15740;581
15760;581
15780;581
15800;581
15820;581
15840;581
15860;581
15880;580
15900;580
15920;580
15940;580
15960;580
15980;580
16000;580
16020;580
16040;581
16060;581
16080;581
16100;581
16120;581
16140;581
16160;581
16180;581
16200;580
16220;580
16240;580
16260;580
16280;580
16300;580
16320;580
16340;580
16360;581
16380;581
16400;581
16420;581
16440;581
16460;581
16480;581
16500;581
16520;580
16540;580
16560;580
16580;580
16600;580
16620;580
16640;580
16660;580
16680;581
16700;581
16720;581
16740;581
16760;581
16780;581
16800;581
16820;581
16840;580
16860;580
16880;580
16900;580
16920;580
16940;580
16960;580
16980;580
17000;581
17020;581
17040;581
17060;581
17080;581
17100;581
17120;581
17140;581
17160;580
17180;580
17200;580
17220;580
17240;580
17260;580
17280;580
17300;580
17320;581
17340;581
17360;581
17380;581
17400;581
17420;581
17440;581
17460;581
17480;580
17500;580
17520;580
17540;580
17560;580
17580;580
17600;580
17620;580
17640;581
17660;581
17680;581
17700;581
17720;581
17740;581
17760;581
17780;581
17800;580
17820;580
17840;580
17860;580
17880;580
17900;580
17920;580
17940;580
17960;581
17980;581
18000;581
18020;581
18040;581
18060;581
18080;581
18100;581
18120;580
18140;580
18160;580
18180;580
18200;580
18220;580
18240;580
18260;580
18280;581
18300;581
18320;581
18340;581
18360;581
18380;581
18400;581
18420;581
18440;580
18460;580
18480;580
18500;580
18520;580
18540;580
18560;580
18580;580
18600;581
18620;581
18640;581
18660;581
18680;581
18700;581
18720;581
18740;581
18760;580
18780;580
18800;580
18820;580
18840;580
18860;580
18880;580
18900;580
18920;581
18940;581
18960;581
18980;581
19000;581
19020;581
19040;581
19060;581
19080;580
19100;580
19120;580
19140;580
19160;580
19180;580
19200;580
19220;580
19240;581
19260;581
19280;581
19300;581
19320;581
19340;581
19360;581
19380;581
19400;580
19420;580
19440;580
19460;580
19480;580
19500;580
19520;580
19540;580
19560;581
19580;581
19600;581
19620;581
19640;581
19660;581
19680;581
19700;581
19720;580
19740;580
19760;580
19780;580
19800;580
19820;580
19840;580
19860;580
19880;581
19900;581
19920;581
19940;581
19960;581
19980;581
20000;581
20020;581
20040;580
20060;580
20080;580
20100;580
20120;580
20140;580
20160;580
20180;580
20200;581
20220;581
20240;581
20260;581
20280;581
20300;581
20320;581
20340;581
20360;580
20380;580
20400;580
20420;580
20440;580
20460;580
20480;580
20500;580
20520;581
20540;581
20560;581
20580;581
20600;581
20620;581
20640;581
20660;581
20680;580
20700;580
20720;580
20740;580
20760;580
20780;580
20800;580
20820;580
20840;581
20860;581
20880;581
20900;581
20920;581
20940;581
20960;581
20980;581
21000;580
21020;580
21040;580
21060;580
21080;580
21100;580
21120;580
21140;580
21160;581
21180;581
21200;581
21220;581
21240;581
21260;581
21280;581
21300;581
21320;580
21340;580
21360;580
21380;580
21400;580
21420;580
21440;580
21460;580
21480;581
21500;581
21520;581
21540;581
21560;581
21580;581
21600;581
21620;581
21640;580
21660;580
21680;580
21700;580
21720;580
21740;580
21760;580
21780;580
21800;581
21820;581
21840;581
21860;581
21880;581
21900;581
21920;581
21940;581
21960;580
21980;580
22000;580
22020;580
22040;580
22060;580
22080;580
22100;580
22120;581
22140;581
22160;581
22180;581
22200;581
22220;581
22240;581
22260;581
22280;580
22300;580
22320;580
22340;580
22360;580
22380;580
22400;580
22420;580
22440;580
22460;581
22480;581
22500;581
22520;581
22540;581
22560;581
22580;581
22600;580
22620;580
22640;580
22660;580
22680;580
22700;580
22720;580
22740;580
22760;580
22780;581
22800;581
22820;581
22840;581
22860;581
22880;581
22900;581
22920;581
22940;580
22960;580
22980;580
23000;580
23020;580
23040;580
23060;580
23080;580
23100;581
23120;581
23140;581
23160;581
23180;581
23200;581
23220;581
23240;581
23260;580
23280;580
23300;580
23320;581
23340;582
23360;582
23380;582
23400;582
23420;582
23440;581
23460;581
23480;581
23500;581
23520;580
23540;580
23560;580
23580;580
23600;580
23620;580
23640;580
23660;581
23680;581
23700;581
23720;581
23740;581
23760;579
23780;579
23800;579
23820;579
23840;579
23860;580
23880;580
23900;580
23920;580
23940;581
23960;581
23980;581
24000;581
24020;581
24040;581
24060;581
24080;580
24100;580
24120;580
24140;580
24160;580
24180;581
24200;581
24220;581
24240;581
24260;581
24280;581
24300;580
24320;580
24340;580
24360;580
24380;580
24400;580
24420;581
24440;581
24460;581
24480;581
24500;581
24520;581
24540;581
24560;581
24580;580
24600;580
24620;580
24640;580
24660;580
24680;580
24700;580
24720;580
24740;581
24760;581
24780;581
24800;581
24820;581
24840;581
24860;581
24880;581
24900;580
24920;580
24940;580
24960;580
24980;580
25000;580
25020;580
25040;580
25060;581
25080;581
25100;581
25120;581
25140;581
25160;581
25180;581
25200;581
25220;580
25240;580
25260;580
25280;580
25300;580
25320;580
25340;580
25360;580
25380;581
25400;581
25420;581
25440;581
25460;579
25480;579
25500;579
25520;579
25540;579
25560;579
25580;580
25600;580
25620;580
25640;581
25660;581
25680;581
25700;581
25720;581
25740;581
25760;581
25780;580
25800;580
25820;580
25840;580
25860;580
25880;580
25900;581
25920;581
25940;581
25960;581
25980;581