#Motor
#A(3) = 0.576923;
#Pu(3) = 0.315385;
20;0
40;0
60;0
80;0
100;0
120;1
140;1
160;1
180;1
200;2
220;2
240;2
260;3
280;3
300;4
320;4
340;4
360;5
380;5
400;6
420;6
440;7
460;7
480;8
500;9
520;9
540;10
560;10
580;11
600;12
620;12
640;13
660;14
680;14
700;15
720;16
740;17
760;17
780;18
800;19
820;19
840;20
860;20
880;21
900;22
920;22
940;23
960;24
980;24
1000;25
1020;26
1040;26
1060;27
1080;28
1100;28
1120;29
1140;30
1160;30
1180;31
1200;32
1220;32
1240;33
1260;34
1280;34
1300;35
1320;36
1340;36
1360;37
1380;38
1400;38
1420;39
1440;40
1460;40
1480;41
1500;42
1520;42
1540;43
1560;44
1580;45
1600;45
1620;46
1640;47
1660;47
1680;48
1700;49
1720;50
1740;50
1760;51
1780;52
1800;52
1820;53
1840;54
1860;54
1880;55
1900;56
1920;56
1940;57
1960;58
1980;59
2000;59
2020;60
2040;61
2060;62
2080;62
2100;63
2120;64
2140;64
2160;65
2180;66
2200;66
2220;67
2240;68
2260;68
2280;69
2300;70
2320;70
2340;71
2360;72
2380;72
2400;73
2420;74
2440;74
2460;75
2480;75
2500;76
2520;77
2540;77
2560;78
2580;78
2600;79
2620;79
2640;80
2660;81
2680;81
2700;82
2720;82
2740;83
2760;83
2780;84
2800;84
2820;85
2840;85
2860;86
2880;86
2900;87
2920;88
2940;88
2960;89
2980;89
3000;90
3020;90
3040;91
3060;92
3080;92
3100;93
3120;93
3140;94
3160;94
3180;95
3200;95
3220;96
3240;96
3260;97
3280;97
3300;98
3320;98
3340;99
3360;99
3380;100
3400;100
3420;101
3440;101
3460;102
3480;102
3500;103
3520;103
3540;104
3560;104
3580;105
3600;105
3620;106
3640;107
3660;107
3680;108
3700;108
3720;109
3740;109
3760;110
3780;110
3800;111
3820;111
3840;112
3860;112
3880;113
3900;113
3920;114
3940;114
3960;115
3980;115
4000;116
4020;116
4040;117
4060;117
4080;118
4100;118
4120;119
4140;119
4160;120
4180;120
4200;121
4220;121
4240;122
4260;122
4280;123
4300;123
4320;124
4340;124
4360;125
4380;125
4400;126
4420;126
4440;127
4460;127
4480;128
4500;128
4520;128
4540;129
4560;129
4580;130
4600;130
4620;131
4640;131
4660;131
4680;132
4700;132
4720;133
4740;133
4760;134
4780;134
4800;135
4820;135
4840;136
4860;137
4880;137
4900;138
4920;138
4940;139
4960;140
4980;140
5000;141
5020;141
5040;142
5060;143
5080;143
5100;144
5120;144
5140;145
5160;146
5180;146
5200;147
5220;148
5240;149
5260;149
5280;150
5300;151
5320;152
5340;153
5360;153
5380;154
5400;155
5420;156
5440;157
5460;158
5480;159
5500;160
5520;161
5540;162
5560;162
5580;163
5600;164
5620;166
5640;167
5660;168
5680;169
5700;170
5720;171
5740;172
5760;173
5780;174
5800;175
5820;176
5840;177
5860;179
5880;180
5900;181
5920;182
5940;183
5960;185
5980;186
6000;187
6020;188
6040;190
6060;191
6080;192
6100;193
6120;195
6140;196
6160;197
6180;199
6200;200
6220;202
6240;203
6260;204
6280;206
6300;207
6320;209
6340;210
6360;212
6380;213
6400;215
6420;216
6440;218
6460;220
6480;221
6500;223
6520;225
6540;226
6560;228
6580;230
6600;231
6620;233
6640;235
6660;236
6680;238
6700;240
6720;242
6740;243
6760;245
6780;247
6800;249
6820;251
6840;252
6860;254
6880;256
6900;258
6920;259
6940;261
6960;263
6980;265
7000;266
7020;268
7040;270
7060;272
7080;274
7100;275
7120;277
7140;279
7160;281
7180;282
7200;284
7220;286
7240;287
7260;289
7280;291
7300;293
7320;294
7340;296
7360;298
7380;300
7400;301
7420;303
7440;305
7460;306
7480;308
7500;310
7520;311
7540;313
7560;315
7580;316
7600;318
7620;320
7640;321
7660;323
7680;325
7700;326
7720;328
7740;330
7760;331
7780;333
7800;334
7820;336
7840;338
7860;339
7880;341
7900;343
7920;344
7940;346
7960;348
7980;349
8000;351
8020;353
8040;354
8060;356
8080;358
8100;360
8120;361
8140;363
8160;365
8180;367
8200;369
8220;371
8240;373
8260;374
8280;376
8300;378
8320;380
8340;382
8360;384
8380;385
8400;387
8420;388
8440;389
8460;390
8480;391
8500;392
8520;393
8540;393
8560;393
8580;394
8600;394
8620;394
8640;394
8660;394
8680;393
8700;393
8720;392
8740;392
8760;391
8780;391
8800;390
8820;389
8840;388
8860;387
8880;386
8900;385
8920;384
8940;383
8960;382
8980;381
9000;380
9020;379
9040;378
9060;377
9080;377
9100;376
9120;375
9140;375
9160;375
9180;375
9200;375
9220;375
9240;375
9260;376
9280;376
9300;376
9320;376
9340;377
9360;377
9380;378
9400;378
9420;379
9440;379
9460;380
9480;381
9500;381
9520;382
9540;382
9560;382
9580;382
9600;382
9620;382
9640;382
9660;381
9680;381
9700;381
9720;380
9740;380
9760;379
9780;379
9800;379
9820;379
9840;379
9860;379
9880;379
9900;379
9920;380
9940;380
9960;380
9980;381
10000;381
10020;381
10040;381
10060;379
10080;379
10100;379
10120;379
10140;379
10160;379
10180;379
10200;380
10220;380
10240;380
10260;380
10280;381
10300;381
10320;381
10340;381
10360;381
10380;381
10400;381
10420;380
10440;380
10460;380
10480;380
10500;380
10520;381
10540;382
10560;382
10580;382
10600;382
10620;381
10640;381
10660;381
10680;380
10700;380
10720;380
10740;380
10760;380
10780;380
10800;380
10820;380
10840;381
10860;381
10880;381
10900;381
10920;381
10940;381
10960;380
10980;380
11000;380
11020;380
11040;380
11060;380
11080;380
11100;380
11120;381
11140;381
11160;381
11180;381
11200;381
11220;381
11240;381
11260;380
11280;380
11300;380
11320;380
11340;380
11360;380
11380;380
11400;380
11420;380
11440;381
11460;381
11480;381
11500;381
11520;381
11540;381
11560;381
11580;380
11600;380
11620;380
11640;380
11660;380
11680;382
11700;383
11720;383
11740;383
11760;383
11780;382
11800;382
11820;382
11840;381
11860;381
11880;380
11900;380
11920;380
11940;380
11960;380
11980;380
12000;380
12020;380
12040;381
12060;381
12080;381
12100;381
12120;381
12140;381
12160;381
12180;380
12200;380
12220;380
12240;380
12260;380
12280;380
12300;380
12320;380
12340;381
12360;381
12380;381
12400;381
12420;381
12440;381
12460;381
12480;381
12500;380
12520;380
12540;380
12560;380
12580;380
12600;380
12620;380
12640;380
12660;381
12680;381
12700;381
12720;381
12740;381
12760;381
12780;381
12800;381
12820;380
12840;380
12860;380
12880;380
12900;380
12920;380
12940;380
12960;380
12980;380
13000;381
13020;381
13040;381
13060;381
13080;381
13100;381
13120;381
13140;381
13160;380
13180;380
13200;380
13220;380
13240;380
13260;380
13280;380
13300;380
13320;381
13340;381
13360;381
13380;381
13400;381
13420;381
13440;381
13460;381
13480;381
13500;380
13520;380
13540;380
13560;380
13580;380
13600;380
13620;380
13640;380
13660;381
13680;381
13700;381
13720;381
13740;381
13760;381
13780;381
13800;381
13820;381
13840;380
13860;380
13880;380
13900;380
13920;380
13940;380
13960;380
13980;380
14000;381
14020;381
14040;381
14060;381
14080;381
14100;381
14120;381
14140;381
14160;380
14180;380
14200;380
14220;380
14240;380
14260;380
14280;380
14300;380
14320;380
14340;381
14360;381
14380;381
14400;381
14420;381
14440;381
14460;381
14480;381
14500;380
14520;380
14540;380
14560;380
14580;380
14600;380
14620;380
14640;380
14660;380
14680;381
14700;381
14720;381
14740;381
14760;381
14780;381
14800;381
14820;381
14840;380
14860;380
14880;380
14900;380
14920;380
14940;380
14960;380
14980;380
15000;381
15020;381
15040;381
15060;381
15080;381
15100;381
15120;381
15140;381
15160;381
15180;380
15200;380
15220;380
15240;380
15260;380
15280;380
15300;380
15320;380
15340;381
15360;381
15380;381
15400;381
15420;381
15440;381
15460;381
15480;381
15500;381
15520;380
15540;380
15560;380
15580;380
15600;380
15620;380
15640;380
15660;380
15680;381
15700;381
15720;381
15740;381
15760;381
15780;381
15800;381
15820;381
15840;380
15860;380
15880;380
15900;380
15920;380
15940;380
15960;380
15980;380
16000;380
16020;381
16040;381
16060;381
16080;381
16100;381
16120;381
16140;381
16160;381
16180;380
16200;380
16220;380
16240;380
16260;380
16280;380
16300;380
16320;380
16340;380
16360;381
16380;381
16400;381
16420;381
16440;381
16460;381
16480;381
16500;381
16520;380
16540;380
16560;380
16580;380
16600;380
16620;380
16640;380
16660;380
16680;380
16700;381
16720;381
16740;381
16760;381
16780;381
16800;381
16820;381
16840;381
16860;380
16880;380
16900;380
16920;380
16940;380
16960;380
16980;380
17000;380
17020;381
17040;381
17060;381
17080;381
17100;381
17120;381
17140;381
17160;381
17180;381
17200;380
17220;380
17240;380
17260;380
17280;380
17300;380
17320;380
17340;380
17360;381
17380;381
17400;381
17420;381
17440;381
17460;381
17480;381
17500;381
17520;380
17540;380
17560;380
17580;380
17600;380
17620;380
17640;380
17660;380
17680;380
17700;381
17720;381
17740;381
17760;381
17780;381
17800;381
17820;381
17840;381
17860;380
17880;380
17900;380
17920;380
17940;382
17960;383
17980;383
18000;383
18020;383
18040;382
18060;382
18080;382
18100;382
18120;381
18140;381
18160;380
18180;380
18200;380
18220;380
18240;380
18260;380
18280;380
18300;380
18320;381
18340;381
18360;381
18380;381
18400;381
18420;381
18440;381
18460;380
18480;380
18500;380
18520;380
18540;380
18560;380
18580;380
18600;380
18620;381
18640;381
18660;381
18680;381
18700;381
18720;381
18740;381
18760;381
18780;380
18800;380
18820;380
18840;380
18860;380
18880;380
18900;380
18920;380
18940;381
18960;381
18980;381
19000;381
19020;381
19040;381
19060;381
19080;381
19100;380
19120;380
19140;380
19160;380
19180;380
19200;380
19220;380
19240;380
19260;381
19280;381
19300;381
19320;381
19340;381
19360;381
19380;381
19400;381
19420;380
19440;380
19460;380
19480;380
19500;380
19520;380
19540;380
19560;380
19580;380
19600;381
19620;381
19640;381
19660;381
19680;381
19700;381
19720;381
19740;381
19760;380
19780;380
19800;380
19820;380
19840;380
19860;380
19880;380
19900;380
19920;381
19940;381
19960;381
19980;381
20000;381
20020;381
20040;381
20060;381
20080;380
20100;380
20120;380
20140;380
20160;380
20180;380
20200;380
20220;380
20240;380
20260;381
20280;381
20300;381
20320;381
20340;381
20360;381
20380;381
20400;381
20420;380
20440;380
20460;380
20480;380
20500;380
20520;380
20540;380
20560;380
20580;381
20600;381
20620;381
20640;381
20660;381
20680;381
20700;381
20720;381
20740;380
20760;380
20780;380
20800;380
20820;380
20840;380
20860;380
20880;380
20900;380
20920;381
20940;381
20960;381
20980;381
21000;381
21020;381
21040;381
21060;381
21080;380
21100;380
21120;380
21140;380
21160;380
21180;380
21200;380
21220;380
21240;381
21260;381
21280;381
21300;381
21320;381
21340;381
21360;381
21380;381
21400;380
21420;380
21440;380
21460;380
21480;380
21500;380
21520;380
21540;380
21560;380
21580;381
21600;381
21620;381
21640;381
21660;381
21680;381
21700;381
21720;381
21740;380
21760;380
21780;380
21800;380
21820;380
21840;380
21860;380
21880;380
21900;380
21920;381
21940;381
21960;381
21980;381
22000;381
22020;381
22040;381
22060;381
22080;380
22100;380
22120;380
22140;380
22160;380
22180;380
22200;380
22220;380
22240;381
22260;381
22280;381
22300;381
22320;381
22340;381
22360;381
22380;381
22400;380
22420;380
22440;380
22460;380
22480;381
22500;381
22520;381
22540;381
22560;381
22580;380
22600;380
22620;380
22640;380
22660;380
22680;380
22700;380
22720;381
22740;381
22760;381
22780;381
22800;381
22820;381
22840;381
22860;380
22880;380
22900;380
22920;380
22940;380
22960;380
22980;380
23000;380
23020;381
23040;381
23060;381
23080;381
23100;381
23120;381
23140;381
23160;381
23180;380
23200;380
23220;380
23240;380
23260;380
23280;380
23300;380
23320;380
23340;380
23360;381
23380;381
23400;381
23420;381
23440;381
23460;381
23480;381
23500;381
23520;380
23540;380
23560;380
23580;380
23600;381
23620;382
23640;382
23660;382
23680;382
23700;381
23720;381
23740;381
23760;380
23780;380
23800;380
23820;380
23840;380
23860;380
23880;380
23900;380
23920;381
23940;381
23960;381
23980;381
24000;381
24020;381
24040;381
24060;381
24080;381
24100;380
24120;380
24140;380
24160;380
24180;380
24200;380
24220;380
24240;380
24260;381
24280;381
24300;381
24320;381
24340;381
24360;381
24380;381
24400;381
24420;380
24440;380
24460;380
24480;380
24500;380
24520;380
24540;380
24560;380
24580;381
24600;381
24620;381
24640;381
24660;381
24680;381
24700;381
24720;381
24740;381
24760;380
24780;380
24800;380
24820;380
24840;380
24860;380
24880;380
24900;380
24920;381
24940;381
24960;381
24980;381
25000;381
25020;381
25040;381
25060;381
25080;380
25100;380
25120;380
25140;380
25160;380
25180;380
25200;380
25220;380
25240;381
25260;381
25280;381
25300;381
25320;381
25340;381
25360;381
25380;381
25400;380
25420;380
25440;380
25460;380
25480;380
25500;380
25520;380
25540;380
25560;380
25580;381
25600;381
25620;381
25640;381
25660;381
25680;381
25700;381
25720;381
25740;380
25760;380
25780;380
25800;380
25820;380
25840;380
25860;380
25880;380
25900;381
25920;381
25940;381
25960;381
25980;381
26000;381
26020;381
26040;381
26060;380
26080;380
26100;380
26120;380
26140;382
26160;383
26180;383
26200;383
26220;383
26240;382
26260;382
26280;382
26300;382
26320;381
26340;381
26360;380
26380;380
26400;380
26420;380
26440;380
26460;380
26480;380
26500;381
26520;381
26540;381
26560;381
26580;381
26600;381
26620;381