#Motor
#A(2) = 0.500000;
#Pu(2) = 0.334962;
20;0
40;0
60;1
80;1
100;1
120;1
140;1
160;2
180;2
200;2
220;3
240;3
260;3
280;4
300;4
320;5
340;5
360;6
380;6
400;6
420;7
440;7
460;8
480;8
500;9
520;9
540;10
560;10
580;11
600;11
620;12
640;12
660;13
680;14
700;14
720;15
740;16
760;16
780;17
800;18
820;19
840;19
860;20
880;21
900;22
920;22
940;23
960;24
980;25
1000;25
1020;26
1040;27
1060;28
1080;29
1100;29
1120;30
1140;31
1160;32
1180;33
1200;34
1220;35
1240;36
1260;36
1280;37
1300;38
1320;39
1340;40
1360;41
1380;42
1400;42
1420;43
1440;44
1460;45
1480;46
1500;47
1520;48
1540;49
1560;50
1580;50
1600;51
1620;52
1640;53
1660;54
1680;55
1700;55
1720;56
1740;57
1760;58
1780;59
1800;60
1820;60
1840;61
1860;62
1880;63
1900;64
1920;65
1940;66
1960;66
1980;67
2000;68
2020;69
2040;70
2060;71
2080;71
2100;72
2120;73
2140;74
2160;75
2180;76
2200;77
2220;77
2240;78
2260;79
2280;80
2300;81
2320;82
2340;83
2360;84
2380;85
2400;85
2420;86
2440;87
2460;88
2480;89
2500;90
2520;91
2540;92
2560;93
2580;94
2600;95
2620;96
2640;97
2660;97
2680;98
2700;99
2720;100
2740;101
2760;102
2780;103
2800;104
2820;105
2840;106
2860;107
2880;108
2900;109
2920;110
2940;111
2960;112
2980;113
3000;114
3020;115
3040;116
3060;117
3080;118
3100;120
3120;121
3140;122
3160;123
3180;124
3200;125
3220;126
3240;128
3260;129
3280;130
3300;131
3320;132
3340;134
3360;135
3380;136
3400;137
3420;139
3440;140
3460;141
3480;143
3500;144
3520;145
3540;147
3560;148
3580;149
3600;151
3620;152
3640;154
3660;155
3680;156
3700;158
3720;159
3740;161
3760;162
3780;164
3800;165
3820;167
3840;168
3860;170
3880;171
3900;173
3920;174
3940;176
3960;178
3980;179
4000;181
4020;182
4040;183
4060;185
4080;186
4100;187
4120;187
4140;188
4160;189
4180;189
4200;189
4220;189
4240;190
4260;190
4280;190
4300;189
4320;189
4340;189
4360;188
4380;188
4400;187
4420;186
4440;186
4460;185
4480;184
4500;183
4520;182
4540;181
4560;180
4580;180
4600;179
4620;178
4640;178
4660;177
4680;177
4700;176
4720;176
4740;176
4760;176
4780;176
4800;176
4820;176
4840;177
4860;177
4880;177
4900;178
4920;178
4940;179
4960;179
4980;179
5000;180
5020;181
5040;181
5060;181
5080;182
5100;182
5120;182
5140;182
5160;182
5180;181
5200;181
5220;181
5240;180
5260;180
5280;180
5300;179
5320;179
5340;179
5360;179
5380;179
5400;179
5420;180
5440;180
5460;180
5480;181
5500;181
5520;181
5540;181
5560;179
5580;179
5600;179
5620;179
5640;179
5660;179
5680;179
5700;180
5720;180
5740;180
5760;180
5780;181
5800;181
5820;181
5840;181
5860;181
5880;181
5900;180
5920;180
5940;180
5960;180
5980;180
6000;180
6020;180
6040;182
6060;182
6080;182
6100;182
6120;182
6140;181
6160;181
6180;180
6200;180
6220;180
6240;180
6260;180
6280;180
6300;180
6320;181
6340;181
6360;181
6380;181
6400;181
6420;181
6440;181
6460;180
6480;180
6500;180
6520;180
6540;180
6560;180
6580;180
6600;181
6620;181
6640;181
6660;181
6680;181
6700;181
6720;181
6740;181
6760;180
6780;180
6800;180
6820;180
6840;180
6860;180
6880;180
6900;180
6920;181
6940;181
6960;181
6980;181
7000;181
7020;181
7040;181
7060;181
7080;180
7100;180
7120;180
7140;180
7160;180
7180;180
7200;180
7220;180
7240;180
7260;181
7280;181
7300;181
7320;181
7340;181
7360;181
7380;181
7400;181
7420;180
7440;180
7460;180
7480;180
7500;180
7520;180
7540;180
7560;180
7580;181
7600;181
7620;181
7640;181
7660;181
7680;181
7700;181
7720;181
7740;180
7760;180
7780;180
7800;180
7820;180
7840;180
7860;180
7880;180
7900;180
7920;181
7940;181
7960;181
7980;181
8000;181
8020;181
8040;181
8060;181
8080;180
8100;180
8120;180
8140;180
8160;180
8180;180
8200;180
8220;180
8240;181
8260;181
8280;181
8300;181
8320;181
8340;181
8360;181
8380;181
8400;180
8420;180
8440;180
8460;180
8480;182
8500;182
8520;182
8540;182
8560;182
8580;181
8600;181
8620;181
8640;181
8660;180
8680;180
8700;180
8720;180
8740;180
8760;181
8780;181
8800;181
8820;181
8840;181
8860;181
8880;180
8900;180
8920;180
8940;180
8960;180
8980;180
9000;180
9020;181
9040;181
9060;181
9080;181
9100;181
9120;181
9140;181
9160;181
9180;180
9200;180
9220;180
9240;180
9260;180
9280;180
9300;180
9320;180
9340;181
9360;181
9380;181
9400;181
9420;181
9440;181
9460;181
9480;181
9500;180
9520;180
9540;180
9560;180
9580;180
9600;180
9620;180
9640;180
9660;180
9680;181
9700;181
9720;181
9740;181
9760;181
9780;181
9800;181
9820;181
9840;180
9860;180
9880;180
9900;180
9920;180
9940;180
9960;180
9980;180
10000;180
10020;181
10040;181
10060;181
10080;181
10100;181
10120;181
10140;181
10160;181
10180;180
10200;180
10220;180
10240;180
10260;180
10280;180
10300;180
10320;180
10340;180
10360;181
10380;181
10400;181
10420;181
10440;181
10460;181
10480;181
10500;181
10520;180
10540;180
10560;180
10580;180
10600;180
10620;180
10640;180
10660;180
10680;180
10700;181
10720;181
10740;181
10760;181
10780;181
10800;181
10820;181
10840;181
10860;180
10880;180
10900;180
10920;180
10940;180
10960;180
10980;180
11000;180
11020;180
11040;181
11060;181
11080;181
11100;181
11120;181
11140;181
11160;181
11180;181
11200;180
11220;180
11240;180
11260;180
11280;180
11300;180
11320;180
11340;180
11360;181
11380;181
11400;181
11420;181
11440;181
11460;181
11480;181
11500;181
11520;180
11540;180
11560;180
11580;180
11600;180
11620;180
11640;180
11660;180
11680;180
11700;181
11720;181
11740;181
11760;181
11780;181
11800;181
11820;181
11840;181
11860;180
11880;180
11900;180
11920;180
11940;180
11960;180
11980;180
12000;180
12020;180
12040;181
12060;181
12080;181
12100;181
12120;181
12140;181
12160;181
12180;181
12200;180
12220;180
12240;180
12260;180
12280;180
12300;180
12320;180
12340;180
12360;180
12380;181
12400;181
12420;181
12440;181
12460;181
12480;181
12500;181
12520;181
12540;180
12560;180
12580;180
12600;180
12620;180
12640;180
12660;180
12680;180
12700;180
12720;181
12740;181
12760;181
12780;181
12800;181
12820;181
12840;181
12860;181
12880;180
12900;180
12920;180
12940;180
12960;180
12980;180
13000;180
13020;180
13040;180
13060;181
13080;181
13100;181
13120;181
13140;181
13160;181
13180;181
13200;181
13220;180
13240;180
13260;180
13280;180
13300;182
13320;182
13340;182
13360;182
13380;182
13400;181
13420;181
13440;181
13460;181
13480;180
13500;180
13520;180
13540;180
13560;180
13580;180
13600;180
13620;180
13640;181
13660;181
13680;181
13700;181
13720;181
13740;181
13760;181
13780;181
13800;181
13820;180
13840;180
13860;180
13880;180
13900;180
13920;180
13940;180
13960;180
13980;181
14000;181
14020;181
14040;181
14060;181
14080;181
14100;181
14120;181
14140;181
14160;180
14180;180
14200;180
14220;180
14240;180
14260;180
14280;180
14300;180
14320;181
14340;181
14360;181
14380;181
14400;181
14420;181
14440;181
14460;181
14480;181
14500;180
14520;180
14540;180
14560;180
14580;180
14600;180
14620;180
14640;180
14660;181
14680;181
14700;181
14720;181
14740;181
14760;181
14780;181
14800;181
14820;180
14840;180
14860;180
14880;180
14900;180
14920;180
14940;180
14960;180
14980;180
15000;181
15020;181
15040;181
15060;181
15080;181
15100;181
15120;181
15140;181
15160;180
15180;180
15200;180
15220;180
15240;180
15260;180
15280;180
15300;180
15320;181
15340;181
15360;181
15380;181
15400;181
15420;181
15440;181
15460;181
15480;181
15500;180
15520;180
15540;180
15560;180
15580;180
15600;180
15620;180
15640;180
15660;181
15680;181
15700;181
15720;181
15740;181
15760;181
15780;181
15800;181
15820;181
15840;180
15860;180
15880;180
15900;180
15920;180
15940;180
15960;180
15980;180
16000;181
16020;181
16040;181
16060;181
16080;181
16100;181
16120;181
16140;181
16160;180
16180;180
16200;180
16220;180
16240;180
16260;180
16280;180
16300;180
16320;180
16340;181
16360;181
16380;181
16400;181
16420;181
16440;181
16460;181
16480;181
16500;180
16520;180
16540;180
16560;180
16580;180
16600;180
16620;180
16640;180
16660;181
16680;181
16700;181
16720;181
16740;181
16760;181
16780;181
16800;181
16820;181
16840;180
16860;180
16880;180
16900;180
16920;180
16940;180
16960;180
16980;180
17000;181
17020;181
17040;181
17060;181
17080;181
17100;181
17120;181
17140;181
17160;181
17180;180
17200;180
17220;180
17240;180
17260;180
17280;180
17300;180
17320;180
17340;181
17360;181
17380;181
17400;181
17420;181
17440;181
17460;181
17480;181
17500;180
17520;180
17540;180
17560;180
17580;180
17600;180
17620;180
17640;180
17660;180
17680;181
17700;181
17720;181
17740;181
17760;181
17780;181
17800;181
17820;181
17840;180
17860;180
17880;180
17900;180
17920;180
17940;180
17960;180
17980;180
18000;180
18020;181
18040;181
18060;181
18080;181
18100;181
18120;181
18140;181
18160;181
18180;180
18200;180
18220;180
18240;180
18260;180
18280;180
18300;180
18320;180
18340;181
18360;181
18380;181
18400;181
18420;181
18440;181
18460;181
18480;181
18500;181
18520;180
18540;180
18560;180
18580;180
18600;180
18620;180
18640;180
18660;180
18680;181
18700;181
18720;181
18740;181
18760;181
18780;181
18800;181
18820;181
18840;180
18860;180
18880;180
18900;180
18920;180
18940;180
18960;180
18980;180
19000;180
19020;181
19040;181
19060;181
19080;181
19100;181
19120;181
19140;181
19160;181
19180;180
19200;180
19220;180
19240;180
19260;180
19280;180
19300;180
19320;180
19340;180
19360;181
19380;181
19400;181
19420;181
19440;181
19460;181
19480;181
19500;181
19520;180
19540;180
19560;180
19580;180
19600;180
19620;180
19640;180
19660;180
19680;181
19700;181
19720;181
19740;181
19760;181
19780;181
19800;181
19820;181
19840;181
19860;180
19880;180
19900;180
19920;180
19940;180
19960;180
19980;180
20000;180
20020;181
20040;181
20060;181
20080;181
20100;181
20120;181
20140;181
20160;181
20180;180
20200;180
20220;180
20240;180
20260;180
20280;180
20300;180
20320;180
20340;180
20360;181
20380;181
20400;181
20420;181
20440;181
20460;181
20480;181
20500;181
20520;180
20540;180
20560;180
20580;180
20600;180
20620;180
20640;180
20660;180
20680;181
20700;181
20720;181
20740;181
20760;181
20780;181
20800;181
20820;181
20840;181
20860;180
20880;180
20900;180
20920;180
20940;180
20960;180
20980;180
21000;180
21020;181
21040;181
21060;181
21080;181
21100;181
21120;181
21140;181
21160;181
21180;181
21200;180
21220;180
21240;180
21260;180
21280;180
21300;180
21320;180
21340;180
21360;181
21380;181
21400;181
21420;181
21440;181
21460;181
21480;181
21500;181
21520;180
21540;180
21560;180
21580;180
21600;180
21620;180
21640;180
21660;180
21680;180
21700;181
21720;181
21740;181
21760;181
21780;181
21800;181
21820;181
21840;181
21860;180
21880;180
21900;180
21920;180
21940;180
21960;180
21980;180
22000;180
22020;180
22040;181
22060;181
22080;181
22100;181
22120;181
22140;181
22160;181
22180;181
22200;180
22220;180
22240;180
22260;180
22280;180
22300;180
22320;180
22340;180
22360;181
22380;181
22400;181
22420;181
22440;181
22460;181
22480;181
22500;181
22520;181
22540;180
22560;180
22580;180
22600;180
22620;180
22640;180
22660;180
22680;180
22700;181
22720;181
22740;181
22760;181
22780;181
22800;181
22820;181
22840;181